75545
70031
19017
259082
18190
75784
12829
14155
72180
19085
21825
74108
56744
73826
237979
76897
13176
13172
71835
57349
238266
242109
100503605
19091
22138
229905
14756
434825
14396
22696
18143
668101
56362
68655
13175
23859
102633271
74377
327946
12873
13207
74145
72823
329160
18115
319660
18191
72511
252838
17533
22068
74570
53623
56312
353326
13591
320865
17523
80718
18750
16416
79221
545291
17105
211323
22139
54611
16184
17263
170757
68299
23888
244431
72828
211712
13869
13132
12289
21859
18821
11600
101488143
66743
258901
19664
268890
17330
20541
270049
13024
14804
270028
20128
210757
74978
14407
20563
114142
80334
94109
14013
13837
23965
18760
244682
331004
14169
241633
30953
108073
52662
192187
11576
13480
20346
77127
11994
243499
329650
241568
94191
226025
78923
27386
27414
114332
68027
18231
56193
13134
83925
72555
60367
242202
67569
109676
225825
17536
239857
271639
16337
11461
11801
50787
27278
67448
20649
244233
20964
268902
15132
23964
20315
17540
22253
192167
76117
15567
75740
16508
239420
57908
242384
12842
14724
17260
14734
140792
11684
207618
232288
241514
11735
17287
19266
228911
434197
14067
22779
29863
319974
268859
319387
17968
56811
11856
15186
13592
110789
52552
17268
14247
268977
13640
20564
338370
11668
11816
77994
16399
234515
244310
207181
320265
12386
320772
67703
94217
64009
17228
226922
70945
18027
22762
15126
140580
67602
208936
15364
78771
20750
22330
11658
319317
68799
18514
57257
79362
665113
18584
54381
20979
12563
71869
108116
242509
70683
22371
329387
18189
18028
16956
432450
240427
14938
18256
17084
20679
20356
78832
218629
14613
54368
448987
19241
24052
20324
13038
19876
12294
232035
101401
15572
64011
330908
13618
216033
210356
21892
270120
330222
54216
56079
242248
71326
231991
108078
76633
109205
18183
12296
103978
226075
210933
19274
12393
73144
19283
54698
17289
77015
223332
228432
18761
244071
23880
210293
100505386
13839
269513
241073
320478
94249
14729
14654
26563
329496
208618
215449
50791
224829
243816
16800
20519
15135
19883
14723
171170
22793
12843
100042277
17395
278279
215085
16764
98932
21942
12293
18186
14806
77018
13032
110862
12759
18163
20363
71279
18667
19242
210801
239405
21894
242341
52401
56363
13593
14960
13051
17167
18505
14802
208426
241230
545370
23966
13876
14871
21391
15891
70989
208898
260315
269784
72605
434280
11548
228361
13840
110829
102502
54598
27405
53618
16002
56760
330267
233271
18795
331461
17883
12565
12983
20288
240725
11657
11682
229694
98496
66797
50708
239789
50778
19699
244049
320840
17929
17286
18751
12167
238130
19152
69226
231287
269152
18004
14823
235106
104080
243743
100043232
14961
12524
17918
13841
78473
15122
78286
20861
243659
12491
11881
72160
14007
12837
94190
207278
56710
17996
77739
108058
27062
13733
268354
74053
235320
14687
243764
243911
16403
231470
14064
12950
70988
621335
19414
214968
231532
17132
14011
243043
56543
27218
64214
320292
109624
22061
58178
327814
319711
269109
74603
245578
78926
64085
14119
20728
12399
60440
259302
18187
329093
636808
107589
21682
12552
54004
14160
56552
12564
21384
55983
11303
319880
53945
12772
14051
73910
11810
12043
67263
320924
27052
20678
106042
81907
319468
83563
233274
15165
225998
12661
208583
13131
19141
207596
14544
217082
12527
193385
71409
620928
231440
21934
18573
329154
12394
94176
667742
192176
245945
19016
20452
54635
71373
353211
14266
98741
19267
54725
545428
208213
12561
108723
69993
104099
12763
18933
13723
19395
20462
319415
58185
19731
75764
328329
270190
606497
68955
20305
319634
96935
433099
17886
72930
19073
54486
628779
22165
74100
13395
19264
18491
234311
109731
170738
12978
14254
50779
17096
624549
80892
73183
93688
66522
72333
16193
11489
228564
102635639
227485
13838
14600
12319
234353
63913
619287
14025
16011
114873
17721
414125
12628
217262
320203
18575
545486
234366
170771
76965
50786
12554
16000
12671
226518
50768
210417
76088
14062
14675
18507
328949
229759
238161
319876
18208
18504
78558
326618
74410
239618
195727
14065
237749
214531
18436
664805
14255
11418
20163
100039542
72413
272031
15511
15560
223272
12260
269959
14126
13612
19271
17756
74103
14945
77531
330385
241134
545156
17755
64580
211949
12014
627800
236920
17880
13405
14198
233744
20464
28254
76527
225518
230815
74480
240690
240322
17967
18040
55985
26377
12346
24131
353346
26381
12571
213043
13003
225872
227120
238803
21812
212980
93837
60596
108167736
241175
57810
243274
29820
65246
15368
76630
210789
100042150
80891
213742
102633236
16826
627872
630146
13617
192166
170736
72780
100042056
232414
107684
18576
12825
12183
13508
23962
109934
68142
210126
242274
207798
14133
19201
18003
17082
217480
15273
16917
225207
20963
20822
330812
227325
66266
66673
16842
20303
320159
21419
50706
333669
109272
16792
77323
80904
72925
216285
67596
319504
17294
102635013
56523
13025
276891
210710
26414
83490
108069
19272
101772
104103
14805
72014
383348
26877
232983
23893
244579
21834
11514
26564
13426
241447
14682
208777
234214
73410
214384
109711
13482
102103
99586
170571
381484
434215
100043902
13058
12558
16197
17888
20742
14585
56508
99633
13040
626082
14061
243574
19261
100040710
71839
193740
235472
14260
14634
16531
70839
100534287
98878
76376
100504069
102465959
17063
20358
94346
110197
18987
22774
13860
327958
67127
399558
224997
17318
77300
64929
238988
208440
108151
71233
21923
208820
333605
68070
668218
17342
17480
329152
12814
100040462
209225
11906
14165
109294
497097
22431
233332
19276
80837
14538
208076
243548
320508
140498
15566
170813
12326
17933
71020
19281
14049
70638
17719
319934
240168
100529079
52882
214642
71371
328381
216991
217071
227394
232406
52150
13483
71059
22145
18213
75991
18302
105005
13190
240518
666145
24136
20503
17916
72535
69189
100502742
13649
105722
233733
14168
270084
21960
216028
14783
12495
212898
71207
218194
20418
18647
381476
13607
80883
14348
74020
50931
50930
114654
381489
13417
238205
23850
21413
100043424
328967
240327
16590
237759
27206
17717
15439
269629
23836
93695
16773
72832
110257
108071
320712
15212
19378
14402
68166
12960
12267
12984
71897
14457
12490
329942
20447
320825
434341
21416
71704
20266
243937
19649
241201
58807
57754
18613
11689
269023
16331
16401
21415
12288
12769
12549
15446
16438
230622
17389
54672
12523
77883
19224
210719
29809
12051
102634490
17079
18606
17729
12334
16168
71137
20349
320038
227580
102634777
402774
192190
16428
67981
20348
215772
239188
69239
20491
20692
75828
64817
17863
12395
14166
214951
67434
11982
71146
241128
11608
78212
239368
239435
110454
319154
20423
232599
22423
107993
387285
100039954
20928
83675
72258
320027
231507
328232
12515
94253
16797
16521
71785
18826
224014
21683
29817
65971
70673
21814
50934
72902
791307
239337
81703
14799
70789
252973
234564
263764
12902
30942
16768
110886
269994
12808
239027
21940
319713
14167
381813
16775
68732
16597
16419
20440
329872
60344
67916
381157
70676
108670
320873
14811
21426
14269
54195
21813
12012
241794
13524
226896
382010
66857
108030
14586
16194
20361
20533
545681
21808
14048
66871
11910
67568
23963
14758
77220
16174
208439
213649
270163
73230
102633245
12677
140743
319314
16872
102641740
12265
16774
208890
56405
83558
217154
76192
16854
277468
54519
77577
212996
544963
70097
12494
13409
17064
12816
71738
80707
320183
27428
12023
56644
545030
75015
17703
56533
71045
14131
14812
71973
23794
12259
109620
14319
59308
20449
116837
244646
101488
18441
94216
14735
20465
246228
22329
234779
68947
14999
12821
317750
272636
72789
246104
12577
14745
270118
319211
67804
105661730
12778
215280
15476
14800
228777
20198
56847
208659
26903
210530
72899
20745
269437
54156
12794
20191
16656
213262
14924
54403
319922
170942
210622
140795
69443
11567
319924
15950
19418
101243624
69047
216049
209590
329735
18783
93742
20259
246048
13030
16822
24071
13048
12818
67812
242022
20404
103098
13367
101694
12826
17314
102545
241494
380702
16542
12159
64075
19088
320398
14456
50701
16182
319807
225288
71069
23845
12262
117600
239559
100306952
14788
619289
242316
14389
240776
546143
77569
140709
15234
14461
104001
11806
635702
338362
70357
54353
22259
229323
215113
23984
627626
17724
76217
50518
100039596
68632
73656
330119
81840
18805
18230
15162
15245
225631
23890
59079
57278
215789
229791
74646
107607
213068
268345
16178
12160
208154
11464
64074
217944
21414
108927
75811
106722
106931
22041
64706
16492
15478
22341
71816
66775
14400
622304
18088
15444
218865
22412
27411
102635744
56078
170743
12389
14659
72669
18601
11768
14089
80297
93757
66395
242083
18741
14633
226691
212167
15529
66722
12290
12505
12798
109593
21898
432713
109225
16911
224109
81906
217826
18755
666907
20965
74186
18481
218030
320472
380928
215378
73569
328314
19663
14406
381925
100502754
243362
271786
13807
330662
320127
20274
73341
116838
13824
13518
171210
67847
12832
214359
226041
435145
118027456
12286
18039
13193
140703
69812
76408
192188
21985
214058
12298
80889
14268
17901
18510
14463
231986
241062
246728
241919
20666
14702
239606
244954
14314
20302
24046
19124
101359
21946
12143
26938
434008
213439
23972
58869
320343
109246
140904
225266
19092
12805
235283
321019
433586
22719
18008
12163
246746
110893
12560
65256
227620
333564
237553
373864
14807
20511
56490
23969
545205
14127
12721
26388
72007
14417
320253
320165
223254
17857
11549
71685
14395
17174
58208
230959
435766
75280
211482
68024
53870
22417
69399
74155
19230
320495
80281
75801
16875
14281
228592
74055
20568
20840
16995
259300
218138
108101
71647
12173
118449
16398
242466
210044
12774
17748
72481
68400
213783
233781
17118
18099
223433
15425
320091
16979
330166
18552
109323
80976
109042
17906
320558
115488464
72349
677044
381580
234356
474332
80876
242443
333670
319455
26874
381686
64290
208748
19711
69772
108169154
269902
381405
102638008
74134
15223
329628
320365
73332
71096
20971
16970
67295
69320
108052
244281
625098
229949
67815
68875
16149
13179
238564
246730
20344
319565
105246848
17716
81799
245026
12273
103841
102635946
66889
66270
105988
18600
70417
219228
53860
15450
13345
71355
212943
12263
114249
100043272
19736
66106
240843
17711
208846
14447
66967
12971
320163
108013
18670
666048
14191
19275
16456
12161
26424
103967
217303
70530
16159
17701
102636514
11492
16952
238271
93691
654821
16971
11542
212516
218454
71302
17708
15436
211652
208431
54712
21807
258359
241727
67937
50796
21869
63993
403185
252974
16409
244152
66961
12728
16008
22288
70729
18754
18488
19263
52855
218793
209630
14425
67795
767815
229599
20612
241226
74744
231503
20540
74732
11745
236727
19373
11550
17183
625347
330485
214111
80901
103149
100504608
27384
12703
212517
102941
107868
14767
12372
368202
329702
14863
100126227
21838
234848
319819
20707
69120
30051
71138
66607
77125
17986
70358
17472
634650
70717
100415916
243616
545893
100416334
381922
735280
100503924
100038489
215900
217847
72677
77627
406218
105827
15422
545260
14870
14058
20855
20230
320679
210741
17069
58250
17909
29875
218772
269389
59010
54120
226970
58175
69538
93686
106869
76380
21388
232413
75517
76157
101056032
12323
623279
14134
78849
103710
331374
100504626
237504
72297
75671
621239
227929
13436
245684
20512
320910
22422
319586
94187
14190
66066
20525
83453
20343
74438
18578
24001
194590
68713
232174
320404
78316
224419
233571
72585
245527
71532
12819
97130
57781
216643
20308
22177
320158
75388
215654
50781
74762
69774
18509
75170
15398
100125263
244867
12824
54338
100273
58809
57775
13823
11819
72386
233575
218763
68169
319626
170768
30948
246709
381538
547347
100628592
237558
16006
20974
22436
70549
70571
12817
664883
20983
94047
73732
100134990
244757
53624
216551
26422
268379
22352
216198
15569
108000
268783
66222
76438
224405
15951
15893
11727
68178
207683
241639
68790
212998
231633
16432
238896
20148
59044
16997
17476
11787
18779
243339
17864
11891
13411
320460
19419
73713
20660
11820
241556
11302
244058
73316
73287
14401
13867
21664
110648
108655
54670
545391
18595
20357
84111
15483
100504291
110834
69642
170719
20725
72818
17279
53419
106572
100043213
52187
22248
70846
226866
320482
64406
78805
258922
73835
244238
319574
100503019
56012
100503794
666244
16370
74918
102633065
54485
76426
97114
330578
72169
239652
230909
78910
27211
244183
101786
668110
14289
269019
22652
619331
19013
545192
674895
329679
12229
229499
209683
433638
72145
18417
24004
18590
665934
74362
320705
74716
12876
71004
102636203
66451
100038689
238722
20311
17173
66959
75533
71827
19881
18007
74030
15442
381406
380711
12550
108760
100042480
18080
11515
29815
14803
212285
241197
13822
50490
16007
242594
23959
13982
17684
210274
16170
243931
14397
16772
100038363
18643
102634431
57890
71682
77352
12638
232441
320974
22416
432396
665237
268934
268878
94040
216984
14701
56320
16190
73182
18762
53374
67712
329480
226594
23876
20269
13057
16795
231805
69310
12317
58194
207259
14955
117229
21804
18162
22673
63873
22255
70059
107351
66540
76261
14725
75646
238871
73094
270162
387314
13400
207920
12557
18423
16522
100434
320492
56747
67742
14677
18019
208177
12823
225743
66447
78933
58234
13844
70911
64292
240913
13809
109267
209195
68750
27404
12986
286940
75799
53972
238076
21828
382864
72693
109904
18707
13123
16543
102639979
105855
320452
140492
99377
214663
268534
67092
19055
12977
216616
16202
12142
83560
21924
20190
108800
217692
70894
13638
22067
50769
12562
26448
218461
74442
26382
66725
16874
240667
21803
15397
77097
22634
54445
14778
20970
110877
319909
29867
211401
117606
55990
269275
68678
12075
329562
54215
20957
230163
18671
104382
632649
21909
102640043
72821
18828
320429
17877
16404
108167900
790912
170720
218165
70045
66696
72277
18171
102633478
69816
71670
225884
16814
69693
11704
16019
17932
15400
20720
13162
56221
791318
102636968
68774
245555
207227
268752
235587
106763
320802
56722
71566
320827
74464
107769
672511
18033
140577
170441
229595
74435
78444
319767
27274
71156
214321
20680
105844
329366
21676
232201
15497
22142
75974
118568483
52829
50766
71544
268297
18992
16408
50873
252903
217835
102371
212032
20293
50525
109979
237010
407788
18549
12502
14394
18132
14371
73652
74463
215114
213391
70747
18616
19662
12522
24056
333050
15516
22004
64138
96875
53416
19296
14775
270160
67198
433485
56461
16410
17979
20652
13800
73314
65100
16598
78252
320174
209773
12406
223753
17155
237847
27204
12870
76820
60504
237313
58909
17311
243653
244864
192197
13036
18798
240754
214575
84682
20132
320701
93671
380730
217304
94332
13602
19218
74091
16889
226251
11472
239318
18788
52614
239667
15110
238333
14469
11434
171180
118027464
12517
271278
237353
14422
78762
56696
20450
192678
230661
18768
319939
100141474
20192
14085
54003
26408
15379
246316
63953
170706
211914
223601
319655
26559
106878
27226
244667
269116
65962
18439
11784
623661
17285
13035
23797
268970
110784
75209
238055
12790
78174
19894
12739
20981
106766
12865
11944
170752
14598
68775
271144
224022
629024
81879
17136
209743
245020
18478
71860
115488085
16426
210463
74548
77647
21463
433182
15900
77590
15040
115485729
69215
207175
14357
16443
13033
74007
442827
12768
171285
14009
12489
83814
53313
18669
13386
74735
67484
16494
381260
16407
108154
20689
225997
414068
100039795
140497
74511
100859962
67252
16177
98256
22063
71862
328451
54418
239743
381413
329502
330627
330963
216858
237868
68245
75951
115488712
107239
399591
11656
242608
240119
58226
22066
13435
12335
279653
54447
207818
15558
72185
78670
72316
104886
30935
666257
66895
17969
83398
67844
28240
13853
227545
237542
12827
208982
65221
22154
214459
19289
20527
11899
100182
207742
16876
17754
71432
17075
14815
637515
20562
71653
100504720
17295
65112
11655
13506
14451
18214
83671
319760
74597
29856
67547
77976
232217
100503085
56068
329540
382543
230235
21846
101604
78420
22780
381217
66462
71306
209378
216892
66597
72003
11857
12509
75572
102636082
243725
100043312
319259
14472
381693
193003
383075
18824
80979
12587
233752
115488854
14587
14129
52120
121021
11501
212712
12010
21367
102278
14132
14115
99382
194352
232943
68854
14747
381485
19279
319765
382062
12443
269181
110279
226610
232313
104759
60533
16480
22418
218215
16763
102639566
13661
102466258
100727
319832
14174
102465654
18420
76670
226777
68567
320210
13009
102635243
11595
67666
244218
100418085
216622
115487859
217149
209550
109254
93892
69865
241391
330188
20256
69253
102688
15166
27140
68515
76469
75430
18718
11674
15211
83557
14560
110310
320007
72309
20375
76071
13206
223435
14824
226255
76829
320664
102637797
69136
59009
18530
56096
74051
56843
16367
108705
26362
22324
80719
72512
19128
74229
665211
18508
209224
244723
17022
225030
16199
217294
210808
108168742
54153
21687
18830
102465707
106861
24087
93843
17771
228966
330319
73255
385668
76365
213438
241656
245671
70420
76089
21938
102638722
14170
74694
594843
77864
17750
16564
19317
14118
69309
214685
69524
12581
20174
11438
211612
72318
140483
56229
73690
320148
57342
268973
214854
22415
102637256
11622
677884
244895
11441
70441
272158
16372
13611
69274
216725
320277
20370
66864
68075
215418
76432
67341
77777
67111
668310
15571
215493
98870
329828
74257
22070
99887
17977
67182
625662
19044
22619
16431
269799
212390
23945
68440
18160
83674
628060
12350
237887
68528
238323
102635192
110168
18037
230863
668139
72446
170755
546336
59091
207592
215819
17345
434198
21346
72269
102635874
13713
224860
76850
241589
11433
53620
241576
72190
22027
241624
17975
12942
12121
16392
66620
13849
72421
107586
76960
100503859
545527
320181
73284
433751
69788
442825
233879
76509
75122
276952
14706
223645
240055
14309
93885
100043757
14178
140781
66790
72701
22192
237339
268780
380916
56224
69159
12331
77629
243864
100039441
226049
72054
319983
68312
20451
21943
13865
14615
11690
16541
68929
230779
18391
268857
234686
328977
382097
320311
12145
13056
110380
69295
71914
50721
69017
237256
74309
52670
229877
16526
229706
73977
16518
226250
320026
16173
66234
107568
57776
74703
75564
17730
242602
94282
14200
268958
67790
320869
75600
14219
676527
66391
71932
107971
30054
231821
319454
52897
383619
66205
75723
14658
75311
60345
14294
239250
319781
67579
67991
20317
102635783
245240
68667
171463
21810
78767
20684
16873
71111
328035
71661
58237
73862
98388
56199
244416
68659
240726
15976
74734
384783
14172
223726
26365
106877
83436
18822
20740
115489217
13143
72543
12361
217517
100039681
107829
24117
54354
627984
320207
74559
16154
114774
17761
16777
76459
67765
11496
105559
328424
60322
269637
338365
319613
57266
104718
212398
12830
14107
320118
11864
19645
76787
72097
53791
107587
12630
22599
102636218
269016
17470
12834
12287
74182
23792
83961
72433
320024
72982
20502
15216
12192
65973
14183
26364
216565
330914
74194
320560
67983
233335
83924
234915
226525
18612
12300
224530
59290
14186
77771
104174
15423
242297
67080
115487685
12944
102640562
17306
74087
83771
665270
231252
13396
100861870
232345
101744
72287
12348
327812
216835
69066
13487
100042235
69679
104307
630499
100415787
70950
109222
17301
319472
50722
56373
18089
17912
668158
432442
71274
75304
20296
320684
69638
102642386
102632463
14794
16664
268567
22214
18484
268527
215690
58198
68813
17970
73086
56386
18128
26914
16880
19265
54710
244668
234889
319448
327747
12467
215615
69635
16949
14026
72371
22776
60406
110637
22419
237711
16870
16497
12444
381059
21336
228366
435784
16502
330863
115488557
80910
230735
214704
73390
115487886
73611
70779
547176
71461
67125
80890
399609
73582
11979
224833
104252
93746
13078
71781
16420
53886
215436
16840
211961
12804
268291
672763
72661
211798
12487
108995
102866
58861
71602
66873
66610
72183
12363
381352
231861
407821
230787
14726
19260
71982
77940
381201
75454
72043
56857
12053
20408
213006
104709
20648
380921
29807
24088
18792
27355
226098
320706
239759
20238
215693
22290
20429
225724
14766
74318
14528
68617
18301
216859
14042
52609
11852
207686
383435
27029
77521
16513
22024
102637264
69480
72301
24099
791303
69097
245666
16010
26456
14828
107895
109151
18378
373852
11625
100504425
15064
20732
22035
233813
212326
67687
68808
21357
22355
15902
100034684
207474
70821
68039
18710
72042
242506
17130
381822
93897
55993
16009
18030
245269
14082
17258
30938
12835
16560
70762
231130
243529
12398
213582
71375
329078
72440
237175
17242
12503
103737
94214
94353
52206
27392
218121
20229
228775
100416053
22788
100039440
22095
93723
381199
11539
115489602
68922
12854
14473
319616
70727
243923
15458
20312
78500
235604
67888
75322
72948
109663
72388
319870
225870
68214
278180
68151
226421
30785
12400
12695
319622
14365
16425
269060
22695
217951
94284
75276
414103
102633868
14580
18591
69938
71901
12349
17060
18479
216233
14816
242425
71795
16206
20849
380686
230587
24012
216613
56788
12575
14415
15404
245643
319804
171543
20779
230082
17387
16164
109032
20539
211666
17116
22239
58227
101320
269997
100126795
19216
212706
17885
76184
20618
329065
21858
59012
171395
17951
320088
13730
338372
68187
213233
215494
100042332
20677
237806
100093700
21390
76219
11924
19739
109332
16553
72281
53857
637776
110083
13110
12982
109019
19204
107515
18111
67891
214944
53602
209387
228357
30794
18424
102632231
547253
230597
26949
15427
791413
15530
70350
15451
628686
106052
226778
328778
226652
494504
66898
72723
21646
22003
77619
110954
54371
18011
16477
327766
270198
50782
110891
15233
14681
13992
69553
320106
18935
30959
73748
74052
192950
621823
213311
434756
12373
19051
16859
223649
13063
56620
74076
209131
214084
19229
192216
78618
71481
51801
108079
53901
16162
228852
329324
76874
66665
107449
236285
380732
170753
330171
236573
18733
66643
230073
11941
69219
244484
16500
321014
215999
78514
100040591
30955
13599
329427
73333
382111
268756
14787
106407
75138
331524
100503962
402728
381463
102634783
622167
213989
231253
69086
102633030
102465650
100416048
73707
69824
209268
100038728
76877
13195
100504267
67792
19737
67303
17312
30951
78408
73016
97064
241694
22240
622675
75578
224088
115490371
19206
67374
102058
16981
216197
320360
109284
13642
69729
58998
74013
98952
64297
69354
320129
791411
213527
381544
232680
93675
18431
21922
628813
74574
242748
100503884
380669
264064
56226
18049
70986
338349
229521
216157
65254
20474
414089
107869
67419
381546
22359
170643
17444
16600
109660
100340
74032
74022
104156
207777
20265
16559
353188
15414
263406
71206
11988
17101
235627
240697
50524
20430
71934
100504234
17904
67865
22295
170826
71310
16574
668880
243219
20354
227525
71236
27359
263876
76574
216393
272009
243407
235431
77446
18198
319783
115487517
14226
67689
245446
20271
94092
16323
110542
84544
626721
66240
72621
433022
217830
68306
13717
67466
105675
83603
12401
20345
67451
18991
69784
54637
171171
107328
106326
56501
19268
109700
76477
232237
70652
74048
56489
15410
381126
102442
78255
54139
53868
53814
77669
433766
12740
11922
102634559
80857
100045792
628870
217143
69303
93722
76220
237754
435626
58867
77411
78826
69909
14201
69631
16661
319940
239849
224794
17188
18516
171211
74018
57246
20493
213409
14632
235574
20713
12484
14536
12316
18196
16362
70574
67701
100689
15403
211739
217198
68203
11624
68404
68279
107975
12822
16186
67455
69496
20617
110265
18526
211468
19277
17992
329178
329977
327978
19126
76142
18951
75106
20377
94242
18212
15431
66340
378431
217151
71275
19762
55936
18018
18412
74185
52808
74039
21952
15405
23849
52589
64685
12367
74645
107376
13004
242126
26570
232975
19207
434128
74665
15417
70561
18675
76389
54377
269209
14187
100416225
13608
791076
239157
791329
407803
381218
18150
381072
68777
102631513
240120
18175
12508
100952
16510
13346
407831
19249
18131
71599
54667
30045
209584
229900
330409
15248
170788
26568
17172
19285
68588
226180
23871
50527
14673
67886
56532
26557
13136
74211
192136
109135
60599
58212
19054
93966
67856
320132
66748
14066
171166
12123
632671
78108
209776
68566
235582
56016
102634174
75630
71774
320145
213019
102634389
320099
108168333
27279
71132
17737
234267
107766
216343
320916
12519
26427
27494
12168
241308
66141
105246665
69769
232855
207728
21334
67268
65255
622434
84094
269037
50500
19057
12304
320982
110532
209200
18013
11818
329252
14612
19415
71981
319970
75768
11981
17534
67399
140488
245386
66176
100417675
16414
102680
71398
114715
14339
140780
242819
433813
223838
15896
239319
100037278
209558
239796
52163
14432
12934
18845
20255
634731
544817
76441
59093
118126071
74945
21679
210094
240638
75590
246738
384061
434219
18569
14667
18655
69069
11610
69608
66795
54152
78892
320046
70568
195522
71709
227541
21873
170829
68176
110876
231997
19696
246317
51875
242667
13019
78779
70419
12266
18104
73916
70997
66412
16918
53318
244810
68552
66297
108150
75914
14696
68631
66860
102626
67784
16985
66214
22402
226101
71368
330577
21345
54419
50780
216799
14362
11807
22646
20257
18596
94212
106522
216560
668212
75602
246703
215445
12164
244551
13070
100502764
67737
403202
100038453
72748
195564
115490015
22062
18127
243277
115490363
232431
71691
23900
233079
195646
57340
102635385
19193
382571
13421
215641
68721
71720
11444
235043
14462
11307
14017
17200
12224
72135
67731
57778
233549
219132
71003
207792
64176
77318
631797
12162
227333
56743
232370
78611
74901
77779
319997
17762
319562
94090
320466
12166
71436
112407
226856
12055
269608
381259
74165
14431
77209
72754
19024
100038725
17722
210297
29877
18767
74333
330830
70719
100415915
75906
11477
18740
195046
22427
58994
98733
19130
23796
69926
66443
381113
11609
76308
14302
14270
242570
235956
230590
69798
22370
20446
667799
215031
14161
57740
69032
110332
22275
16572
71904
17691
56846
105298
66353
214855
235493
54132
240023
12227
66411
67522
100040822
170744
78798
433966
56878
12589
100504539
100529074
56370
104271
17952
243025
76915
64898
18072
108099
67220
208647
75695
99031
240892
21824
19143
245450
74189
68490
18605
17907
12332
207854
319673
56807
16423
15437
114606
195208
30964
17700
72208
18071
102634049
100041479
19374
21939
115489768
23897
414111
15401
16156
319197
76728
246779
74393
105243373
12810
105833
16891
69942
12705
233765
17524
66374
246177
239552
545725
381196
22413
80708
17858
78802
20686
76281
69922
108138
66503
15395
14708
224792
378462
331424
108089
80720
16706
21745
27056
12153
56792
18746
16948
15468
382253
269695
17772
110596
69863
18173
17777
72215
66729
115487806
14979
12952
216848
56233
110796
105244630
74191
22379
26406
50790
14159
69806
24063
22065
100504231
239099
83813
70315
12916
319991
78134
14276
11987
83704
170756
211134
73723
70598
66123
13137
20664
210108
69288
98682
217340
214763
26941
69168
208869
110095
17957
73914
16506
78560
22156
22750
218038
18205
20719
244871
227753
12315
17988
14594
114301
22421
24066
64058
219158
66180
333639
11898
66202
22781
74568
240066
13010
17475
69726
65970
72502
209760
71819
17758
17127
26921
18810
57440
231207
271508
319899
15936
97423
74521
16519
243833
108699
68870
18679
170763
13845
76654
18636
18844
227835
625286
213248
76640
20170
320054
115489637
72282
54524
22414
72690
269643
18787
211232
142980
244923
328059
74513
71301
18096
54324
20475
114673
208994
19116
12555
243912
69903
109594
320752
16450
18260
100042807
74342
93840
276950
229524
66425
100037396
236643
16790
50759
76041
240063
104349
23887
223473
105727
18101
16205
72632
16189
620419
14605
192285
668225
64380
55984
52463
93960
69668
71586
13197
73884
14158
19240
76954
381605
23917
19354
71972
102633880
100503498
14934
67946
192970
71147
29813
76794
