74108
14155
19085
70031
76897
75545
18190
19017
73826
12829
13172
259082
14756
237979
668101
229905
18143
72180
68655
434825
75784
238266
52662
102633271
71835
14396
18115
242109
17330
56362
18488
94109
234353
231287
22138
74377
319660
27414
20979
13207
20128
353326
11682
329160
56312
327946
68299
66797
211323
70683
15165
80334
13480
56811
13837
68027
320478
72511
108073
12289
57908
268902
60367
22696
75740
14169
271639
22068
23984
74570
239420
18191
218629
22253
23964
329387
72605
67569
16011
52401
16800
239857
76630
320265
14395
20315
383348
242384
18821
18183
210801
226922
14013
18189
320772
171170
57246
330267
20192
244682
71869
207618
636808
207227
239618
382010
270028
13134
17725
78832
242274
17287
244431
14802
67602
14400
208618
67812
210356
68955
15135
216033
75764
54381
258901
268859
78286
330908
17724
320027
12837
319317
626082
170571
14805
432450
94191
243274
270049
20679
67703
269152
13176
70988
73183
18163
19699
208213
320873
13592
18213
12818
23859
211712
71738
21960
269629
243659
243574
238271
109272
269784
14613
56363
12386
620292
333669
20462
545291
13840
16773
268354
66266
17536
12290
71279
109205
192167
240776
11994
53419
14168
20964
20745
270120
268977
14734
12564
333605
16508
235106
215378
242509
243499
11549
27062
13869
100042056
50787
66522
18049
497097
13489
241226
241073
233733
270190
54611
13591
77018
319634
244049
14407
18584
329274
14804
207596
243548
14049
241514
100042277
18231
11735
72925
260315
18795
17968
72930
627626
219140
108030
20713
56079
71020
11576
77739
13175
24071
170771
66743
102636514
110648
237213
338352
319807
105988
245945
227120
17268
94217
320158
19281
71059
16337
13839
210530
217593
20983
381157
210417
13829
14165
21892
269994
54635
14419
107868
18004
328329
320840
226518
628779
14654
235472
13162
24052
26563
20563
214968
208898
219228
76376
108116
102866
269959
241568
58208
12552
19091
18504
213945
12661
237759
230622
70638
11489
77097
14800
22157
29863
18505
217258
15572
73255
19713
94249
319922
320709
103978
100503605
13607
108151
74020
66673
232035
50779
12823
21923
83925
74438
210933
93837
243043
73635
64580
80883
67127
244310
269513
268345
102465959
14432
58178
229759
320865
140498
56710
54216
14025
79221
234214
22762
20564
28254
14463
22061
226075
217071
234564
11856
12395
108071
667742
19274
320253
97998
226025
228361
213742
14811
18549
21814
20502
100039954
13593
17172
16522
338370
72902
50791
64293
228911
56839
110862
110789
23966
54376
231440
13508
77531
116837
13838
17389
213233
106042
228432
327814
20541
12944
116838
50786
71367
109700
22240
67729
56318
23985
74100
246317
27226
26414
195727
107829
223272
66790
100042480
12491
244071
243743
23963
16826
100039542
18578
110886
16997
12842
71373
80904
664888
17523
71316
66871
387314
108013
13132
70789
242443
72685
15126
26358
69700
625662
72103
14167
12424
20562
23836
93688
54403
20348
64085
238205
72386
12577
271786
231991
21808
102634490
19075
20512
240725
434008
402774
13448
63913
72160
102638722
78923
11658
381418
71307
214642
319880
68142
13131
319504
244723
330119
20649
320825
14198
53623
12560
110835
381413
108927
21419
77521
11600
624549
12671
19266
70530
170738
100313531
94047
58175
140792
269116
233332
380660
232288
105661730
20287
98496
11418
12294
20346
64075
80297
213262
328949
102642202
16323
12266
12983
11657
56096
12167
238161
26950
15245
72440
75288
19242
70571
216285
80982
320343
18521
68659
208151
72413
258359
14807
381476
381813
13483
14266
211468
14048
13649
71096
19876
18761
20349
628813
65971
13841
70673
243083
381485
67434
330222
18760
243372
218165
18667
72333
14402
71137
239405
12950
320910
252838
18003
442801
66214
22259
243764
227541
14170
14945
18481
192197
67568
239852
320679
231532
330166
242259
17263
14401
64176
606497
73144
27404
16000
12936
26380
192188
16531
320405
74103
102639178
109676
239337
14247
98970
320502
68986
228777
102465214
16514
114873
14823
67455
238384
18845
208936
11504
216028
71712
13024
319259
115488063
53870
11684
329252
12293
18573
56484
16002
70859
207259
26938
72258
16536
109593
72395
270097
212996
23792
26564
269181
269109
218461
104099
76633
72003
16870
242700
239318
77220
237847
245578
14812
24012
225998
23794
331461
17181
12817
17996
245684
381260
215654
319530
242425
380702
73230
73094
14257
331493
15566
619287
237553
268564
18933
320924
14803
101488143
18577
74092
14972
234779
71785
102635013
240817
17969
100093700
115487517
115488557
105246848
74305
12554
12142
15132
78771
329735
13617
211949
279653
207818
54561
52206
217294
16180
224997
243078
16842
19378
20272
18012
98741
54357
12843
269019
494504
74480
71682
545370
17470
14422
210762
269275
243911
320701
117606
29820
20928
211612
223838
79362
239364
238871
14394
83398
18935
140709
117229
13405
14816
329152
170942
58250
70598
13612
76960
17755
628870
14260
100043902
81907
20324
78212
69812
18419
75630
435145
19041
329056
69534
22414
104759
75571
24004
320038
12794
110834
12805
19277
14587
214253
11676
18127
435518
106639
14460
329942
17286
54003
12495
76980
17721
233271
319455
208869
12296
19649
12224
14051
319415
330385
52570
235320
320292
58227
26381
18768
14462
20274
114249
76874
216616
73287
52897
14600
14160
17318
72832
210044
110058
72555
319909
230959
18491
244579
228564
170757
234356
100503427
17703
14528
67355
73863
14735
18750
16497
12832
50706
16515
192190
433485
14799
12043
320398
66748
207175
67666
14345
15561
632687
320590
67295
59012
243937
13876
70127
14073
210463
20238
17295
20464
241134
72818
17883
100504235
52882
381405
18208
54710
22778
15446
17155
20204
140492
100041296
21859
13823
20356
56747
259302
13599
213603
211739
223646
665119
232345
12288
101401
13003
17130
14348
19276
232441
11630
18186
93757
74055
246104
635702
18162
241489
16867
11787
58869
57775
213783
18552
73569
99586
229791
71661
50915
14017
97031
368202
20193
12854
70004
213068
83560
630146
17342
71897
232599
268780
50768
103967
12903
68775
107747
22788
108154
101772
16764
242202
232016
16485
231760
381310
17933
17345
69453
83453
13409
16401
55993
70861
12942
213391
30054
14461
19296
14447
380714
14009
328479
100038464
56533
13824
66042
244281
18387
225724
20963
330812
54195
241327
75860
13123
213435
225266
623279
75646
69239
75395
211401
17762
667663
12563
19271
74004
71319
67182
67170
270109
21412
243634
15042
23876
105244084
15117
20617
18510
214384
21367
237711
76965
231470
68870
76516
17260
84094
104103
399558
110893
74762
75050
270162
21929
216459
54354
214791
74442
15248
57740
13808
18509
69993
18996
104027
18034
94229
20539
18779
17311
228413
19230
23945
20378
94212
13602
22290
75280
12393
23850
12316
72823
77323
100534287
545156
217517
16526
56173
243385
14711
226654
56226
80384
12565
76459
16691
14618
100047133
546015
69253
73410
77331
83558
77015
99377
27206
11624
77629
12825
14406
240690
18596
216613
381359
233575
215085
109731
319387
78004
109620
118449
218772
77976
93689
21682
16869
380785
54612
15560
11486
21909
17872
192136
68169
68799
54132
225631
319871
115488062
353344
19881
18742
102634738
74591
64095
226652
78617
241639
76161
381489
13835
70593
210673
72040
320802
102633104
18988
11536
237987
380755
382864
328451
75777
12124
106557
66607
27356
14296
667799
627872
320460
228677
232943
414125
18548
242022
75974
100043424
12931
380669
21386
15214
17285
58229
13411
54377
246707
15436
67795
21683
74735
75258
19142
231633
71489
24117
239606
11622
320916
226594
14675
320363
20618
239126
12405
73368
668943
100313943
546144
327958
72274
223843
74165
70369
677884
13195
227580
381406
319211
70357
13610
70122
16392
16918
56869
75170
24087
433323
73261
78933
76261
70911
545391
12816
74189
14397
208659
211134
381605
230991
277353
22067
12394
225288
15431
12819
73713
240753
16590
12814
70574
20930
74703
97086
50764
214058
18212
11433
231125
71371
16576
229841
20620
14089
217944
21817
239217
171171
11775
18987
665934
13819
80837
214627
241656
72899
22371
66701
431706
19982
14763
80285
54712
26570
331004
434280
78805
109215
73333
68895
68185
27140
553095
54598
15571
170719
210719
75996
11979
269643
11694
333564
15558
107351
320472
20503
80889
16847
76142
18187
22275
13190
94090
319626
71302
240322
68166
217480
234686
319695
227659
20732
329502
381463
229672
58243
100503879
114332
15223
100042148
433111
100044193
57249
100043141
320782
68625
76421
102632457
115486563
12023
620760
21390
102465791
380698
14226
73306
239530
16644
225600
338360
102638827
329384
102465706
14865
12740
66901
102640597
103988
67888
12978
243339
19340
102636126
327743
245555
11852
66050
216892
71819
239250
320207
75322
93732
16840
381822
140483
78200
110095
17756
14417
74978
20257
100503289
208076
19735
70546
140919
15425
319924
54524
76527
56461
19092
50934
18670
102058
269437
16924
110784
16206
320091
12654
320604
433700
387285
75722
71003
114654
76073
19259
21956
60613
72058
193385
53901
210293
212943
217082
110637
68070
381337
383619
12982
69352
242939
382543
228368
233781
14934
217371
69047
80876
170676
72780
108000
20357
20418
217653
20533
230868
22431
329910
60533
108802
57257
213402
11492
66961
100073351
21944
12549
114142
227835
22419
18606
331374
21961
66643
68178
14745
231986
53318
12828
67448
105242657
235379
99382
104001
234889
78321
55987
76615
331046
18478
102632463
12902
13482
228366
74376
101488
100503498
13389
217692
268709
72472
433632
100502764
57738
666048
140580
100504539
66270
116939
29807
208777
58212
12160
208439
66336
17380
14704
16572
241589
331578
66234
574403
94216
20527
73435
71233
76710
231605
330721
23863
102634431
64931
19143
76389
16189
239408
268878
12821
11989
228802
20526
13809
78174
13009
246788
18164
17922
329628
319945
70729
65255
14633
17160
229228
20358
17136
58194
69513
72215
18071
94253
268783
12561
223927
14680
110829
78767
241494
215303
414068
21834
18027
329739
71790
108015
239027
11484
20393
70686
20568
319876
217843
666060
72661
245671
230815
69217
272031
102124
245527
21338
75087
19132
106766
329271
231583
269997
64058
21410
212326
64706
23912
234515
268297
100037260
21388
13717
21857
18783
15569
21930
11733
14405
666244
433752
19283
18100
73341
14218
15366
74466
69743
12326
72828
20148
19206
50721
18019
20191
71355
100041655
234366
238988
11692
17188
319783
68947
240752
233744
70433
226041
16438
11826
210573
11784
19289
215798
97130
23831
50769
83436
60510
74199
14538
54208
13511
75359
170461
18526
230126
791303
246738
18159
74097
115490363
76415
66338
22145
71313
100036768
433481
215201
665095
71310
15360
30785
224829
246049
244152
56508
70417
245596
18230
382034
100048658
18741
12683
628686
74051
327747
106861
15364
18616
17932
75321
12348
22065
18612
69806
53945
72097
13798
56009
78772
11910
13166
72535
330427
232431
80794
18423
71091
238323
223648
14724
329513
12156
100417329
83379
231296
16069
545798
319352
243912
72287
791381
78779
30806
73774
67880
115488217
21828
238803
12647
115488464
320099
209195
22092
13506
93699
69942
12229
244694
15423
66952
100039239
18040
12298
320203
329872
18968
235130
15400
71704
21934
11807
207728
15426
51812
73910
268958
75209
11829
67971
66696
217826
17528
68667
232889
15405
194590
21336
243621
15450
74482
224291
115488873
106931
66297
69310
636104
15478
16373
75083
241447
71653
100040710
17719
18575
14313
223267
22239
242553
24001
76217
433022
225518
83556
226251
237360
621054
105246665
13179
56526
115489782
74953
54120
17540
77609
433966
18605
109624
15111
76311
76843
226101
17988
15402
319613
13388
19272
50873
240843
67993
107993
17132
330406
65963
403185
102635136
70701
66760
104080
12467
432713
379043
57339
18014
12300
93710
271711
319190
13193
77590
20733
102637797
102635496
12286
213006
270893
68498
71648
229700
381290
100182
22774
218581
11806
100529074
237806
207742
19012
16494
54613
268860
320712
70445
14585
13992
117600
12121
22066
19743
26408
19018
14178
73977
64295
69909
234267
21987
76438
11519
226866
98452
229320
68567
17906
54631
66959
74393
19417
19073
73610
29859
21357
16874
435766
213393
109254
16371
545030
100038654
140743
105590
100043283
12937
16420
258922
93694
66838
223332
22634
72119
78781
66898
396184
211652
207965
26377
209224
209966
319940
16656
14180
66406
67896
80721
271842
69596
338521
216343
238055
223227
67775
115488681
11811
107375
237052
192187
67512
13426
328232
17116
69638
18752
20271
319586
19219
216438
17919
21888
66253
68929
56489
21687
16564
319991
83397
218763
78670
20042
100041639
14814
110596
67020
75216
212898
321014
15403
109934
140904
19364
75426
69642
15427
109294
76220
109245
245126
13202
105844
16949
654498
16818
223473
74563
76829
107527
230073
15379
230235
57278
214944
22192
23790
52829
171211
72973
226413
215821
83675
20493
16873
18705
171194
67983
53313
12571
16492
109264
16511
240119
320879
29813
17760
72433
20971
81840
72691
12398
233765
73673
21804
100503659
381217
170711
12323
330149
14254
50790
30935
17921
22772
26877
83557
12038
218194
20616
69479
16510
237775
12822
56458
13653
69219
69309
70713
22341
12876
22139
235402
70967
171463
228787
18211
23897
73624
30952
243866
73712
116904
12721
619290
22599
15166
73914
14421
13850
20974
26945
407803
73449
403202
434756
100040972
258789
108115
72275
70971
14457
18604
18991
20102
213527
16772
100415915
245049
244238
73649
12562
353025
51799
94332
23947
78777
14573
218138
21391
72709
16597
74446
381925
12022
319984
170729
26382
69136
57014
69320
244237
69279
18053
20614
242506
29867
108069
68588
225207
230085
67261
12581
11495
381218
635253
384309
100043089
20449
72789
69834
12550
66126
100417675
245666
433586
97064
11441
218203
12319
100040294
26949
11539
16876
330064
27428
75828
106393
20689
66395
107065
67847
23882
52055
56421
207798
69354
320127
330921
67111
72355
17717
57440
333050
208084
14622
68666
67351
18740
118453
226781
546143
237868
380918
19762
77799
214305
22423
118446
74646
544963
73102
29817
71566
23871
15273
69656
12227
94176
15039
68617
20532
22719
101700
259300
244551
52552
215690
11695
237038
20174
629499
16456
30937
244864
20511
26394
16009
20471
17708
224794
75276
208583
104601
76757
70676
11464
19663
93960
140494
319583
107652
320365
54418
22422
232670
16398
213208
102633523
53320
238722
54713
623661
667014
71586
77705
241919
209601
21942
100039775
104443
12638
654801
102637987
14058
210027
408059
23959
13056
320297
628416
11434
208158
14998
14961
66119
52614
75444
245525
12705
11899
74717
192678
241324
210029
115488429
319262
71742
330470
68566
436090
20840
27204
228026
12338
66706
214663
218038
380654
19363
103098
56277
11745
68176
338362
17909
12035
66343
69549
232174
18301
319767
17183
67753
11498
72585
242667
545622
12830
20273
329178
74053
102638008
18992
18391
239273
57764
20269
73750
67338
72338
228491
381823
225651
105244630
18030
22003
78473
72677
75517
56370
104174
66353
329679
75475
56773
213760
71063
20404
666794
74693
71027
68797
54152
234258
338367
245446
74430
17864
18205
76464
21885
12778
319581
192176
73710
381107
11816
72340
73904
56513
107328
54651
243510
14611
331474
11472
14229
23880
170442
67900
68918
16889
320204
13521
78252
68423
21681
12767
102640811
230098
65086
67451
72958
100503872
100038417
18530
15183
22378
208177
54525
53604
106338
93961
75033
245643
51795
16513
66411
11303
73862
20682
435965
74666
100502745
20739
545428
21985
76184
16917
102635946
15414
239652
71684
76808
71647
18682
18810
17174
66236
791318
21802
81879
70882
665700
19400
16875
94244
12311
232370
110877
69550
102633245
217143
102634389
100217462
225638
72481
263876
73259
171285
100043315
67349
380768
15216
81799
19252
16774
245308
329727
70839
76441
11757
50766
434438
320273
66374
69627
241688
67217
594843
244058
69781
13057
18020
227545
75409
17436
209039
21955
225280
16404
268379
546336
18669
320662
15476
107449
68035
71746
73121
56419
623448
102638847
69634
218121
14726
70441
81701
58188
100043213
71492
237353
75479
18675
210274
233549
108907
13527
226250
240058
13856
75329
217328
102502
18101
16571
77864
12287
319710
212712
16979
241770
241201
100038453
211389
54409
72469
77583
120623200
331026
19886
22117
228852
230784
71069
108912
21973
319939
215814
69358
68449
272158
110796
80976
18424
629059
78250
66412
320046
18627
11501
328354
210710
99334
30953
73611
67071
59041
381404
215707
18218
244653
74732
100604
100504491
12217
22439
102641859
110198
26874
20866
246703
59009
19044
230779
83603
232685
227937
208820
18710
54610
108961
18227
19645
212390
18798
20354
15395
16981
209558
240641
102634049
23796
16194
19218
73314
21898
12580
242838
100502829
14788
14132
74424
101604
98845
17961
235587
215031
237387
70843
380730
238680
24131
100503842
210510
13078
20675
260298
338348
115487215
319983
93890
83553
102626
18618
30938
382207
20807
109077
67028
215418
103742
71801
216154
94180
56384
11565
102633065
545725
56506
14172
217325
71174
545276
70942
240638
64009
319229
211147
105439
21417
212516
11796
72495
101694
227485
244871
11302
74519
78283
74013
67916
16529
67815
50490
69773
66860
16439
68915
17929
210789
71960
665211
15399
22141
72844
100042150
99929
110012
227325
320720
56847
216021
242297
319622
381022
228421
76832
108800
71723
71721
192897
13139
20927
16168
76654
72371
27205
216157
102633236
230757
70753
76365
66864
626596
75769
233813
20203
50997
77940
66447
74365
115490251
319819
320183
215789
20190
15277
68526
20878
319670
114664
16574
75317
71458
69938
17289
66264
277010
12450
252903
66873
27059
84704
22779
675912
381196
72293
21384
74052
71776
224419
170483
237504
432582
22127
68312
12404
16372
98985
72175
224405
414108
18008
67808
208144
101056032
226778
382253
80890
269132
64817
246710
12955
229011
217038
18844
319982
634731
17701
68332
238692
13605
23937
66277
68523
207839
77771
13143
70804
99526
101809
13723
56739
20229
227933
103466
66408
66904
382113
236915
99326
448987
13386
20530
243300
15529
170826
83671
64406
73284
545261
320132
668894
230603
16768
74134
18442
76560
69064
434402
17897
24046
69563
100504412
115487806
217733
57746
17880
320007
433102
20510
329480
654821
22695
233893
11499
115488697
20848
76824
13404
74007
69660
207686
50781
225908
54725
12532
13001
71679
59036
11514
245670
22350
55988
381560
110265
56543
18755
12315
17207
74091
18198
70358
215890
216049
100503041
58226
69821
11607
67096
16948
17716
75801
399101
223726
76850
13004
56229
69171
69556
227707
115485772
77595
319594
75906
57776
66686
16956
76133
18441
73174
78751
21753
76813
270035
237886
74041
67374
239845
215951
382137
320705
103710
21689
218030
242083
108138
636931
58994
20377
75805
17992
109136
105014
53867
212168
215280
244867
76898
268567
67042
14425
14533
12449
11803
115490371
215705
26968
68404
13709
232313
14453
76131
71766
70466
66442
54326
230075
433904
16658
56744
78547
12700
102633868
72014
105450
224530
207474
102635783
58237
109065
14302
56440
11750
20408
20975
66664
217356
17722
230767
330460
30805
54648
17112
13051
668158
268903
213011
19696
72391
75104
319179
11732
12349
320492
333883
17153
72898
68126
63873
218624
22388
231044
246190
17022
76856
50878
69215
432628
100041979
20855
14815
664883
56248
233335
19729
226896
263764
71198
246313
14863
12722
18386
20423
110075
15396
11810
78600
74071
74463
71908
109332
76901
75836
75066
96875
53896
78977
238333
20472
66387
74753
76969
320026
100038728
70097
18643
20409
67547
68310
212285
67800
16792
237436
243616
271697
68738
52864
21664
74559
100037262
68857
245269
116847
272009
66722
111175
67279
433456
84111
100061
329941
17965
69004
330277
209776
11459
11488
71085
52589
380921
627214
625175
69537
381511
225115
22781
140577
21646
114604
94190
242126
20450
224014
233890
215090
100503869
72982
70315
19267
80707
434198
20284
66098
215494
19223
22272
12827
75578
27419
67103
192970
108168742
77462
121021
18707
71361
12306
14137
73884
108058
71206
16416
19076
12033
57837
67035
69295
19130
328381
53619
22154
72735
210808
100037396
11515
330409
246293
16551
69274
241035
97423
14677
50776
17064
72301
21912
55927
14605
67475
271849
74464
20255
72023
242594
53886
13063
100040792
360213
64050
224661
170748
140887
19697
208982
277414
67484
15484
93690
226610
15288
73247
18408
21825
73338
14758
71816
58894
12180
11761
15064
78802
75823
241764
76156
243910
16190
78921
73453
107934
71236
66323
77318
108052
236643
613262
229665
20132
100416087
93695
100416078
208994
252837
20431
217364
74251
320919
100041151
110084
319870
331532
108167617
12373
244886
54004
382867
330171
20359
224860
21939
100040633
75660
110959
73072
69674
268755
110639
75448
108760
68385
100503178
12291
54352
231801
74577
217410
56470
14933
54519
94185
210126
264064
13642
240186
75746
52443
20429
12064
320684
83554
102635502
74186
20856
67578
320563
217203
329375
100041734
67488
66681
67268
56454
107869
105445
114601
244484
67495
69908
65969
107173
237558
214137
75686
99887
19899
654318
70448
57266
77875
622434
229658
241322
624866
104418
216233
219072
17314
72446
20452
319468
71820
104156
15122
16498
242505
78834
76927
74354
107684
20751
216134
11496
106389
269831
20364
70508
223774
28035
12840
21815
26384
21418
12189
27386
106052
15931
14708
16835
13853
52850
27999
21873
76915
243312
30956
232987
75533
331547
67728
71045
211482
208922
67067
19746
19152
208624
15184
109711
232237
13864
14681
55963
18567
18032
227157
53311
241303
384214
16477
214105
432396
13116
105732
71932
241303
214239
20351
68512
232790
12587
407810
546049
54672
100504608
11923
110168
110332
15562
319888
27362
212276
77619
328234
74645
231807
70484
54447
13865
67736
22785
233328
14854
319478
12569
71481
170952
52874
114774
381990
68458
70788
230752
270160
319158
240672
67442
217716
212670
269252
17076
207921
52250
18719
218442
76886
621988
67573
12527
22591
18767
16367
243529
78890
56707
629159
71685
83691
18109
73919
14183
212139
66915
66725
216881
67252
226180
66047
29819
170799
70974
26427
12490
100504166
19771
373852
71768
100340
102639650
19662
17975
238673
17127
231474
16880
70762
329540
100141474
13345
12274
73847
735265
320351
11567
28113
14594
56380
75570
20851
54371
58182
76501
108960
69159
66730
414089
380608
71354
18439
209584
218793
69608
767815
14404
15213
233168
234388
140493
208908
11604
98682
73166
17246
76187
21345
216974
72123
69480
547253
56013
66684
330938
20868
22761
66538
241624
320655
52187
22355
75739
233406
11980
68813
226970
106947
319953
235527
11861
14199
26437
14976
102637975
665574
15433
18796
12350
20200
641454
320587
67235
243967
72000
100126795
235627
69443
76640
625131
18816
104522
24067
22095
73340
74039
110542
100310872
668740
115488985
102641509
194744
115489217
17730
230735
232156
76229
100174921
100045469
66340
208943
16822
11474
381549
74229
668253
215015
218294
72190
329659
218973
12235
384763
100113396
217154
66720
338364
20446
224109
67791
100417756
80718
13619
20646
102103
73738
21420
236727
170767
19088
15205
12443
12723
328971
67685
667876
15902
68631
57810
76425
15275
67059
240334
236539
102371
74552
12826
70348
104271
54384
239170
52028
15114
19946
73652
15401
235086
72723
56690
17777
69397
216873
66044
68642
56524
218877
105246020
69091
66895
53902
67460
19679
66190
432572
18799
100037282
68948
329482
109594
74766
212986
14658
12305
17196
99031
76117
69635
66497
228859
56805
68810
66205
14536
65254
214952
93897
111970
24074
60406
245038
70645
170788
12503
67856
70918
100415916
216835
52670
15904
68554
11815
269060
192198
65961
791413
23893
16173
22746
14619
16425
11444
13609
20130
26913
52639
110948
67044
353342
66092
14772
58235
67911
17711
20111
270685
382019
71751
52633
29810
231207
14261
327766
76281
270672
269717
18542
93761
68077
15424
11982
237911
16402
16848
22771
75284
384569
16803
229599
14430
12994
751865
13113
81905
436022
102634450
330902
12351
19285
11754
328136
217830
13206
73208
77358
17133
66793
77433
19201
29805
77883
70392
18994
99889
56176
353188
20719
67080
432442
103220
231326
106952
26879
243219
107589
66082
23980
72722
27426
330301
192657
58998
18628
229323
12971
26364
100038347
236900
21745
66587
56306
320299
69922
71914
75698
66011
66048
231872
171167
56874
73737
278097
235416
338365
74637
18654
85308
14714
64707
94214
208715
384783
243308
99311
102595
17347
51938
19024
20667
102141
71567
387609
78255
72147
83814
67474
74443
26365
56193
21678
69024
20448
213332
57782
70178
320719
235493
74185
102633880
22678
211896
170758
399603
633395
115490468
77779
207182
264895
19013
17687
209760
67606
630836
269389
67419
13713
170459
74513
29815
209448
271005
338349
11881
29861
19736
19224
100628597
228550
74121
100862066
22255
112841587
22421
232946
626359
19171
115486898
330953
78303
71998
78420
70110
69681
319167
328274
77627
15163
93713
626275
107239
68014
16582
18640
68927
232227
22715
108841
105859
193838
57344
75796
80861
60322
245865
16776
74333
245522
15200
195040
67138
19126
76308
234684
15357
72628
66071
106795
330096
78267
70511
67412
18595
114642
102631981
69662
66337
14268
19739
219158
76894
67092
81630
66114
21950
27359
208198
78603
677884
67486
102545
244329
12021
74201
68436
216831
14151
213409
235606
19895
237222
81535
66578
66468
15199
22033
27984
76366
17119
140917
18214
24056
11639
14782
244418
263406
67784
233871
11987
224454
110651
330177
76380
14451
19249
403174
19051
407786
12745
74481
231238
22654
215819
76574
12111
78202
67266
23948
320770
17691
229600
330319
100382
70846
329575
74694
54366
105298
99696
268890
244668
19301
68953
71296
211253
319804
668923
21414
17754
27357
76794
75472
100503859
66815
102635190
243963
234365
319970
21907
237403
18952
246048
78249
13797
104015
70237
17532
73447
107831
107885
225743
75422
102631889
20447
218454
242669
67196
50917
71007
20425
67885
16651
70103
68133
19659
66844
239647
19731
18708
73067
268527
380629
21826
68431
56517
16543
13136
15116
66935
109754
53972
75304
67790
30946
69572
68306
100102
12522
50798
68298
76454
68644
58909
72504
17912
243931
69748
78801
74194
225861
17305
68742
677884
94245
93683
381338
230848
105886298
22063
71726
319719
231014
69408
17700
97487
100198
67311
232748
667537
16890
224273
331487
66682
213819
66949
53598
68533
320078
70652
226861
12808
67809
72326
15417
59030
67980
240869
71461
68032
11632
66647
56788
70894
78062
239114
13390
72415
244667
14778
22051
217194
66795
218820
66273
24064
11769
66979
81500
269952
28126
67554
21425
18633
243864
68039
71831
66757
216456
15422
622320
16661
244416
19671
29856
100043229
12442
20361
66548
54217
20908
545474
56544
11847
268663
65100
83490
12506
13349
228858
102634096
213121
230590
277692
75893
232853
18793
57780
233246
12555
238276
217738
74413
16469
66973
240120
102954
66611
74187
102638016
76453
109284
13860
66300
100504191
338372
268291
14297
107260
380928
20469
56280
217666
75572
67590
19273
67121
73442
74133
15416
66373
215999
16775
14388
386612
76306
226419
22417
27276
22186
66174
71100
57875
279766
16449
67371
102640951
319893
17768
382245
18412
595136
214359
12834
219151
100504594
93691
27355
20249
16476
76123
68875
103733
223970
320466
68267
19291
268880
68861
20492
16480
12258
67286
76547
72181
94178
68112
