entrezA	entrezB	MIPPIE_score
69253	69253	0.5952702815819886
69253	17716	0.5317553863432598
72433	72433	0.5317553863432598
72433	67844	0.7285009696669187
67844	67844	0.5317553863432598
21388	21388	0.5317553863432598
20983	20983	0.5313298753109208
12550	12550	0.9633668217392124
12550	16480	0.41426078831584734
20191	20191	0.9410307339301768
69253	22330	0.5317553863432598
67844	81879	0.5317553863432598
16480	65246	0.5317553863432598
20849	20849	0.960547722611142
20541	20541	0.5317553863432598
16438	16438	0.5952702815819886
20191	12288	0.8164556782576167
23859	246317	0.7285009696669187
18783	14812	0.7529407830188879
23859	14812	0.9332721103692524
246317	14812	0.8406468695573823
14812	14812	0.9054478066276525
246317	14811	0.8406468695573823
14812	14811	0.8919663429072877
246317	14805	0.3507458930771186
246317	110637	0.3507458930771186
246317	14806	0.3507458930771186
14812	14806	0.5317553863432598
14805	14806	0.7285009696669187
110637	14806	0.7920158649056475
14806	14806	0.6222702117077465
16480	67731	0.5317553863432598
22330	67731	0.5317553863432598
18424	18424	0.41426078831584734
58869	665113	0.7529407830188879
65246	665113	0.5317553863432598
23859	665113	0.7529407830188879
14812	665113	0.7529407830188879
14811	665113	0.7529407830188879
14806	665113	0.7529407830188879
20849	94212	0.5317553863432598
17701	17701	0.5952702815819886
23859	20430	0.7529407830188879
14811	20430	0.7529407830188879
665113	20430	0.7529407830188879
665113	16531	0.7529407830188879
20191	20648	0.5317553863432598
22330	20648	0.5317553863432598
15364	20648	0.4436502110608205
94212	16797	0.5317553863432598
65246	72512	0.5317553863432598
20849	72512	0.5317553863432598
94212	72512	0.5317553863432598
20128	72512	0.7285009696669187
16797	72512	0.5317553863432598
72512	56501	0.5952702815819886
20648	13405	0.8970326686707022
67731	66395	0.5317553863432598
13405	66395	0.5952702815819886
65246	20692	0.5317553863432598
16531	20692	0.8427572850047658
16772	20692	0.5317553863432598
24063	24063	0.8406468695573823
24063	24066	0.8406468695573823
24066	24066	0.9041617647961112
234779	20963	0.7920158649056475
20963	20963	0.8201397216300332
268973	268973	0.9554829752127704
15364	637515	0.4436502110608205
94212	18033	0.5317553863432598
18033	18033	0.940447869390238
14812	11461	0.5317553863432598
67731	11461	0.5317553863432598
20430	11461	0.7529407830188879
16531	11461	0.8427572850047658
19016	21804	0.5317553863432598
20849	14469	0.5317553863432598
94212	14469	0.5317553863432598
18033	14469	0.5317553863432598
14469	60440	0.3507458930771186
60440	60440	0.7566248263913046
94212	14319	0.5317553863432598
14319	14319	0.5952702815819886
14319	12986	0.8164556782576167
12986	12986	0.41426078831584734
16531	14082	0.7431700716274434
20963	26365	0.3507458930771186
12986	26365	0.3507458930771186
56501	15900	0.5317553863432598
13132	15900	0.5317553863432598
14469	15900	0.5317553863432598
12986	15900	0.5317553863432598
18011	18011	0.3507458930771186
11704	11704	0.8406468695573823
16531	11625	0.8427572850047658
11704	11625	0.5317553863432598
12550	16842	0.5317553863432598
18505	16842	0.8390732416323492
22416	20377	0.4436502110608205
234779	16331	0.5317553863432598
94212	16331	0.7529407830188879
16797	16331	0.5317553863432598
12986	16331	0.5952702815819886
12519	12519	0.6123296656881946
15900	60533	0.5317553863432598
12519	60533	0.90660249123107
60533	60533	0.5488147704494659
67295	76308	0.5317553863432598
11461	15450	0.5317553863432598
13132	11820	0.6367694790401637
13131	11820	0.9065087856941872
11820	11820	0.7110160745283737
16531	14828	0.8427572850047658
15450	14828	0.5317553863432598
11820	14828	0.5317553863432598
14828	14828	0.4412607184416053
14828	69816	0.7529407830188879
16797	22027	0.5317553863432598
15450	22027	0.5317553863432598
11820	22027	0.5317553863432598
14828	22027	0.9311616949218692
69816	22027	0.3507458930771186
170743	170743	0.5317553863432598
19317	19317	0.5952702815819886
20191	12315	0.4436502110608205
14812	12315	0.5317553863432598
16531	12315	0.5317553863432598
72433	16202	0.5317553863432598
67844	16202	0.5317553863432598
21388	16202	0.5317553863432598
20692	16202	0.5317553863432598
16202	16202	0.5952702815819886
384783	16190	0.5952702815819886
11461	66725	0.8164556782576167
14082	66725	0.5952702815819886
66725	66725	0.9631116525078448
20648	15516	0.5317553863432598
15900	15516	0.5317553863432598
18011	15516	0.5317553863432598
110784	15516	0.7920158649056475
15516	15516	0.6222702117077465
20191	58234	0.5317553863432598
23859	58234	0.8783893093242687
14812	58234	0.8427572850047658
14811	58234	0.8427572850047658
665113	58234	0.8427572850047658
20430	58234	0.8427572850047658
16438	12043	0.41426078831584734
18033	12043	0.7529407830188879
15900	12043	0.4159054415340088
15516	12043	0.3507458930771186
12043	12043	0.7920158649056475
16331	21873	0.5317553863432598
21873	53624	0.3507458930771186
21873	12740	0.3507458930771186
15364	12739	0.4436502110608205
21873	12739	0.3507458930771186
12739	12739	0.3507458930771186
14806	50873	0.5317553863432598
11461	50873	0.5952702815819886
15900	50873	0.5317553863432598
12043	50873	0.5952702815819886
20849	210126	0.5317553863432598
16522	16522	0.8201397216300332
14811	14799	0.5317553863432598
665113	14799	0.7529407830188879
58234	14799	0.3507458930771186
20191	238871	0.3507458930771186
12288	238871	0.3507458930771186
18844	18844	0.5313298753109208
214084	13162	0.3507458930771186
214084	20974	0.3507458930771186
13162	20974	0.3507458930771186
18505	17342	0.3407851895947346
17342	17342	0.3507458930771186
23859	66673	0.3507458930771186
665113	83814	0.7529407830188879
14745	83814	0.5317553863432598
58234	83814	0.7529407830188879
83814	83814	0.4412607184416053
234779	17096	0.8066849668661721
94212	17096	0.9041617647961112
384783	17096	0.3507458930771186
20963	17096	0.9041617647961112
26365	17096	0.3507458930771186
94212	19260	0.7529407830188879
16438	14804	0.7285009696669187
58234	14804	0.3507458930771186
15516	18667	0.4436502110608205
23859	224997	0.9332721103692524
14812	224997	0.8970326686707022
14811	224997	0.9419042045629976
665113	224997	0.8427572850047658
20430	224997	0.8427572850047658
58234	224997	0.9689041346887556
14799	224997	0.5952702815819886
83814	224997	0.7529407830188879
224997	544963	0.8427572850047658
16162	16162	0.5952702815819886
13649	13649	0.8066849668661721
20963	72828	0.41426078831584734
14812	20779	0.8164556782576167
20963	20779	0.5952702815819886
13131	20779	0.5952702815819886
16331	20779	0.5317553863432598
58234	20779	0.8164556782576167
13649	20779	0.7920158649056475
20779	20779	0.448548504551
94212	12703	0.7529407830188879
15900	12703	0.5317553863432598
18783	12389	0.8416053782929391
12288	12389	0.5317553863432598
20648	12389	0.5317553863432598
13405	12389	0.5317553863432598
19016	12389	0.5952702815819886
11461	12389	0.41426078831584734
50873	12389	0.7285009696669187
20779	12389	0.41426078831584734
20963	12977	0.4436502110608205
11461	12977	0.4436502110608205
15900	12977	0.3507458930771186
20779	12977	0.7431700716274434
12977	12977	0.9419253652896304
20963	14127	0.41426078831584734
20779	16590	0.41426078831584734
12703	16590	0.9062721802434944
16590	12983	0.5317553863432598
14812	16367	0.5317553863432598
384783	16367	0.5952702815819886
16190	16367	0.5952702815819886
15516	16367	0.5317553863432598
94212	19264	0.5317553863432598
65246	83490	0.5317553863432598
83490	83490	0.5317553863432598
13132	16443	0.7920158649056475
83490	16443	0.5952702815819886
15900	22436	0.5317553863432598
665113	14800	0.7529407830188879
14828	14800	0.5317553863432598
14799	14800	0.8919663429072877
224997	14800	0.8427572850047658
665113	21413	0.7529407830188879
21413	21413	0.5071651062995493
13132	14605	0.5317553863432598
83814	14605	0.8164556782576167
79362	79362	0.7285009696669187
17172	11924	0.9054478066276525
21413	15902	0.7920158649056475
15902	15902	0.8066849668661721
17172	15110	0.5317553863432598
15110	15110	0.9367849520359915
21413	12398	0.5317553863432598
11461	226049	0.5317553863432598
83560	83560	0.5952702815819886
14811	13860	0.5317553863432598
14799	13860	0.5317553863432598
20849	230787	0.5317553863432598
16797	230787	0.3507458930771186
16797	210757	0.8406468695573823
72433	22138	0.5317553863432598
12335	22138	0.8255016137361062
21388	17975	0.5317553863432598
65246	17975	0.5317553863432598
384783	17975	0.7529407830188879
16367	17975	0.8427572850047658
69253	109711	0.5317553863432598
67731	13346	0.5317553863432598
19016	13346	0.5317553863432598
234779	12229	0.5952702815819886
16331	12229	0.5317553863432598
21803	21803	0.7489496355989168
81879	264064	0.5317553863432598
234779	17060	0.5952702815819886
15900	17060	0.3507458930771186
12229	17060	0.9041617647961112
18783	16706	0.5317553863432598
16706	16706	0.41426078831584734
72433	18412	0.5317553863432598
65246	18412	0.5317553863432598
20128	18412	0.7431700716274434
14469	18412	0.3507458930771186
15900	18412	0.5952702815819886
14799	18412	0.8434556083833746
14800	18412	0.7529407830188879
18412	18412	0.8472701088596656
79362	12952	0.5317553863432598
50873	18037	0.5317553863432598
18033	19696	0.9417302332059392
12043	19696	0.5317553863432598
21413	19696	0.5317553863432598
18037	19696	0.5952702815819886
19696	19696	0.47942033677273754
104718	668212	0.5317553863432598
14812	15511	0.8427572850047658
20648	15511	0.5317553863432598
16190	15511	0.5317553863432598
15516	15511	0.4436502110608205
12703	15511	0.3507458930771186
15364	19645	0.7529407830188879
18505	19645	0.7114415855607127
15902	19645	0.5952702815819886
21388	99377	0.7285009696669187
81879	99377	0.7529407830188879
99377	20689	0.7529407830188879
65246	17127	0.5317553863432598
21804	17127	0.5952702815819886
15902	17127	0.4159054415340088
13346	17127	0.4159054415340088
17127	17127	0.47942033677273754
226049	67399	0.5317553863432598
65246	18569	0.5317553863432598
20849	18569	0.5317553863432598
16797	18569	0.5317553863432598
20849	14011	0.5317553863432598
15900	14011	0.5952702815819886
16531	11806	0.8782153379672103
11806	11806	0.8493941684861831
14804	16011	0.5317553863432598
72433	22142	0.5317553863432598
65246	22142	0.5317553863432598
14812	22142	0.8427572850047658
67731	22142	0.5317553863432598
16531	22142	0.5317553863432598
15450	22142	0.5317553863432598
14800	22142	0.5317553863432598
12229	22142	0.5317553863432598
69253	20742	0.5317553863432598
58869	20742	0.7529407830188879
234779	20742	0.5317553863432598
14812	20742	0.5317553863432598
665113	20742	0.8164556782576167
20430	20742	0.7529407830188879
58234	20742	0.8427572850047658
224997	20742	0.8427572850047658
17127	20742	0.41426078831584734
65246	22154	0.5317553863432598
15364	22154	0.4436502110608205
16531	22154	0.8427572850047658
16202	22154	0.5317553863432598
14800	22154	0.5317553863432598
58869	15165	0.8782153379672103
665113	15165	0.7529407830188879
58234	15165	0.8427572850047658
20742	15165	0.7529407830188879
15165	15165	0.9057031380716064
22139	19662	0.41426078831584734
20191	20190	0.8180293061826498
238871	20190	0.5317553863432598
20190	20190	0.41426078831584734
67731	214384	0.7431700716274434
17127	214384	0.41426078831584734
665113	12298	0.7529407830188879
18505	17286	0.5952702815819886
14812	53416	0.5317553863432598
65246	109620	0.5317553863432598
67731	109620	0.5317553863432598
20849	12557	0.5317553863432598
19264	12557	0.5317553863432598
14800	74018	0.5955916407514616
15900	13058	0.5952702815819886
20191	238161	0.5952702815819886
20191	14161	0.5317553863432598
67295	67790	0.5317553863432598
76308	67790	0.5317553863432598
17127	664805	0.41426078831584734
12288	21825	0.5317553863432598
21825	21825	0.7285009696669187
268973	17951	0.8998519260538627
17536	18516	0.5317553863432598
15436	18516	0.5317553863432598
15900	18173	0.5317553863432598
18412	18173	0.3507458930771186
665113	12361	0.7529407830188879
11461	12361	0.5317553863432598
50873	12361	0.6222702117077465
224997	12361	0.7529407830188879
22154	12361	0.5317553863432598
319924	12361	0.9682296672509436
12361	12361	0.41426078831584734
319924	327814	0.5317553863432598
12361	327814	0.8769329741515093
327814	327814	0.4412607184416053
20191	13033	0.5317553863432598
13405	13033	0.5317553863432598
15900	13033	0.5317553863432598
21413	11910	0.5317553863432598
18033	16159	0.905120273531668
19696	16159	0.9554734532764784
15900	18018	0.8164556782576167
20779	18018	0.5317553863432598
12902	18018	0.5317553863432598
18018	14461	0.4436502110608205
14461	14461	0.5317553863432598
665113	320127	0.7529407830188879
320127	240168	0.41426078831584734
14804	13717	0.5317553863432598
12229	16948	0.5317553863432598
15511	16948	0.8427572850047658
13717	16948	0.6681281747544451
23871	23871	0.5952702815819886
65962	18596	0.8493941684861831
18596	18596	0.889016508974835
20963	22177	0.41426078831584734
18844	22177	0.8427572850047658
16480	16337	0.5317553863432598
20779	16337	0.9062721802434944
12703	16337	0.7920158649056475
12389	16337	0.7920158649056475
16367	16337	0.5952702815819886
58869	17886	0.7529407830188879
14812	17886	0.5317553863432598
12977	17886	0.4436502110608205
109620	17886	0.5317553863432598
67731	11674	0.5317553863432598
15364	11674	0.4436502110608205
16531	11674	0.8427572850047658
20648	11674	0.5317553863432598
13405	11674	0.5317553863432598
12229	11674	0.5317553863432598
16531	18655	0.7529407830188879
67731	18746	0.5317553863432598
20648	18746	0.5317553863432598
18746	18746	0.41426078831584734
12389	21812	0.9419042045629976
21803	21812	0.6591065359901904
21812	21812	0.8028840503613737
12550	93840	0.3507458930771186
16842	21414	0.5317553863432598
58869	18163	0.7529407830188879
665113	18163	0.7529407830188879
224997	18163	0.8427572850047658
13132	20375	0.5317553863432598
15900	20375	0.9554734532764784
12265	20375	0.5952702815819886
15902	20375	0.7285009696669187
12398	20375	0.5317553863432598
17127	20375	0.5317553863432598
18018	20375	0.41426078831584734
14461	20375	0.5952702815819886
19260	19201	0.5317553863432598
81879	58198	0.7529407830188879
99377	58198	0.8427572850047658
23859	545156	0.7529407830188879
14812	545156	0.8782153379672103
665113	545156	0.7529407830188879
58234	545156	0.8919663429072877
238871	545156	0.7529407830188879
224997	545156	0.8919663429072877
14800	545156	0.7529407830188879
20742	545156	0.7529407830188879
18163	545156	0.7529407830188879
23859	245684	0.8164556782576167
665113	245684	0.8164556782576167
58234	245684	0.8427572850047658
224997	245684	0.8783893093242687
20742	245684	0.7529407830188879
18655	245684	0.7529407830188879
545156	245684	0.7529407830188879
14254	14254	0.41426078831584734
14960	14961	0.9631124750821688
15900	16149	0.5952702815819886
14960	16149	0.5952702815819886
14961	16149	0.41426078831584734
72433	12505	0.5317553863432598
67844	12505	0.5317553863432598
15364	12505	0.4436502110608205
19264	12505	0.4159054415340088
21812	12505	0.9415056410447586
16149	12505	0.7920158649056475
224997	18951	0.8427572850047658
18783	16416	0.7529407830188879
20963	16416	0.5952702815819886
13649	16416	0.5317553863432598
20779	16416	0.8164556782576167
94212	16414	0.5317553863432598
16409	16414	0.8028840503613737
94212	108101	0.5317553863432598
20430	108101	0.7529407830188879
16416	108101	0.3507458930771186
16414	108101	0.3507458930771186
68151	22415	0.81463342828038
17886	69903	0.3507458930771186
17096	14126	0.6222702117077465
14461	14126	0.5952702815819886
14828	16019	0.5317553863432598
16019	16019	0.839956876770785
18033	16362	0.7489496355989168
14469	16362	0.5317553863432598
15900	16362	0.9554773961349984
12703	16362	0.47942033677273754
12265	16362	0.9000116818472929
16159	16362	0.9062721802434944
269608	75723	0.7285009696669187
269608	27494	0.5304320922945716
75723	27494	0.41426078831584734
14812	12695	0.7431700716274434
14811	12695	0.8917673688125785
11461	12695	0.5317553863432598
13162	12695	0.7114415855607127
22142	12695	0.5317553863432598
269608	12695	0.5317553863432598
75723	12695	0.7285009696669187
27494	12695	0.9243441048334052
12740	17475	0.5317553863432598
224997	17475	0.8427572850047658
15165	17475	0.7529407830188879
269608	17475	0.7114415855607127
75723	17475	0.889016508974835
27494	17475	0.7452389946036517
20779	270190	0.3507458930771186
270190	108699	0.3507458930771186
17127	14463	0.8419329113889236
19013	14463	0.4436502110608205
20849	18030	0.5317553863432598
15902	18030	0.5317553863432598
12361	76787	0.5317553863432598
14804	18189	0.7431700716274434
224997	18189	0.7529407830188879
14800	244723	0.3507458930771186
81879	212712	0.7529407830188879
13717	16949	0.6681281747544451
13436	13435	0.935339277705863
13435	13435	0.47942033677273754
18424	70350	0.5317553863432598
58234	70350	0.8427572850047658
12804	244218	0.7285009696669187
17096	21934	0.7529407830188879
72269	72269	0.8190157950314054
17342	18508	0.5952702815819886
17536	18508	0.5317553863432598
17132	18508	0.5317553863432598
15516	11622	0.7529407830188879
17132	11622	0.8164556782576167
18018	16189	0.8028840503613737
17132	16189	0.5317553863432598
20191	18810	0.5317553863432598
20849	18810	0.5317553863432598
20648	18810	0.5317553863432598
13405	18810	0.5317553863432598
66725	18810	0.5952702815819886
13346	18810	0.5317553863432598
109620	18810	0.5317553863432598
14254	30955	0.5317553863432598
11820	14281	0.5952702815819886
12023	14281	0.5317553863432598
14812	16971	0.3507458930771186
14811	16971	0.41426078831584734
13131	16971	0.8066849668661721
16202	16971	0.5317553863432598
14799	16971	0.3507458930771186
18033	21939	0.4159054415340088
12229	21939	0.8406468695573823
12977	26406	0.4436502110608205
18412	26406	0.9065087856941872
15900	12443	0.3507458930771186
18667	12443	0.4159054415340088
16367	12443	0.5317553863432598
19645	12443	0.7920158649056475
12575	12443	0.9633668162050754
12575	12444	0.8164556782576167
20525	20525	0.41426078831584734
27494	19249	0.27727029435600586
19249	19249	0.5317553863432598
19249	30794	0.41426078831584734
229905	229905	0.41426078831584734
20430	18479	0.7529407830188879
15165	18479	0.7529407830188879
21812	18479	0.5952702815819886
11674	16423	0.5317553863432598
18479	16423	0.5317553863432598
65246	19354	0.5317553863432598
18479	19354	0.8066849668661721
55983	18198	0.41426078831584734
18479	18198	0.7285009696669187
18198	18198	0.5955916407514616
170744	54445	0.5952702815819886
170743	54445	0.8406468695573823
16362	142980	0.47942033677273754
54445	142980	0.9041617647961112
142980	142980	0.5952702815819886
30955	104709	0.8427572850047658
30955	320207	0.9062721802434944
104709	320207	0.5317553863432598
18424	27140	0.5317553863432598
21804	27140	0.5317553863432598
19696	27140	0.5317553863432598
18088	27140	0.5317553863432598
18516	27140	0.3507458930771186
22330	18754	0.5317553863432598
14812	18754	0.7529407830188879
20430	18754	0.7529407830188879
11461	18754	0.7529407830188879
58234	18754	0.8427572850047658
20779	18754	0.9054478066276525
13346	18754	0.5317553863432598
22027	94217	0.5317553863432598
16414	94217	0.7285009696669187
13436	14536	0.5317553863432598
13435	14536	0.5317553863432598
11461	18643	0.8066849668661721
15511	18643	0.5317553863432598
22154	18643	0.5317553863432598
20191	108058	0.9041617647961112
12288	108058	0.5317553863432598
665113	108058	0.7529407830188879
20648	108058	0.5317553863432598
13405	108058	0.5317553863432598
11461	108058	0.5317553863432598
58234	108058	0.8427572850047658
224997	108058	0.8427572850047658
22142	108058	0.5317553863432598
22154	108058	0.5317553863432598
545156	108058	0.7529407830188879
15364	21869	0.4436502110608205
21869	30051	0.5317553863432598
21869	18510	0.5952702815819886
17536	15405	0.5952702815819886
18516	15405	0.5952702815819886
18508	15405	0.5317553863432598
21869	15405	0.5317553863432598
19016	17977	0.41426078831584734
18412	17977	0.5634838724099904
67731	12842	0.5317553863432598
16531	12842	0.8427572850047658
21803	12842	0.7285009696669187
17127	12842	0.8028840503613737
12842	12842	0.41426078831584734
14800	74053	0.8783893093242687
74018	74053	0.8255016137361062
20849	22070	0.5317553863432598
15364	22070	0.4436502110608205
16531	22070	0.8427572850047658
11461	22070	0.4436502110608205
17975	22070	0.8919520574761894
20849	12053	0.5317553863432598
15900	12053	0.9041617647961112
12977	12053	0.5317553863432598
14633	12053	0.4159054415340088
14632	12053	0.4159054415340088
12053	12053	0.5952702815819886
18128	18128	0.5952702815819886
15364	19664	0.4436502110608205
12902	19664	0.5952702815819886
21934	19664	0.27727029435600586
18131	19664	0.7920158649056475
18128	19664	0.9904947835966976
665113	219158	0.7529407830188879
21413	18013	0.3507458930771186
15900	13030	0.5317553863432598
13033	13030	0.47942033677273754
14804	20965	0.5317553863432598
12703	216233	0.6222702117077465
14600	216233	0.41426078831584734
14255	216233	0.5952702815819886
216233	216233	0.5952702815819886
15900	114606	0.5317553863432598
27140	114606	0.5317553863432598
16362	58185	0.4159054415340088
65246	18718	0.5317553863432598
18718	18718	0.5317553863432598
665113	12286	0.7529407830188879
12298	12286	0.7920158649056475
12298	12287	0.7285009696669187
12361	12287	0.41426078831584734
83560	71819	0.5317553863432598
15900	13010	0.7529407830188879
11820	13010	0.5317553863432598
20375	13010	0.5317553863432598
14812	11464	0.5317553863432598
226049	11464	0.5317553863432598
12229	11464	0.5317553863432598
52609	13207	0.5317553863432598
65246	13207	0.5317553863432598
18424	13207	0.5317553863432598
12229	13207	0.5317553863432598
17127	13207	0.7920158649056475
56312	13207	0.8732700567972629
17127	12825	0.7285009696669187
12825	12825	0.41426078831584734
665113	50791	0.7529407830188879
17127	50791	0.5952702815819886
17127	17395	0.27727029435600586
17127	16859	0.4159054415340088
12505	16859	0.7285009696669187
16859	16859	0.573254583801435
20849	16184	0.5952702815819886
17127	16184	0.6854347403601881
17127	29820	0.4159054415340088
14799	11539	0.3507458930771186
17127	11539	0.4159054415340088
20849	65112	0.5317553863432598
17127	65112	0.4159054415340088
15364	59079	0.4436502110608205
224997	59079	0.8427572850047658
17127	59079	0.5071651062995493
17127	17684	0.41426078831584734
17127	66214	0.41426078831584734
17127	12832	0.3507458930771186
224997	16497	0.8427572850047658
93686	93686	0.5952702815819886
65246	23876	0.5317553863432598
16949	23876	0.5952702815819886
16997	23876	0.5952702815819886
67844	338370	0.5317553863432598
329178	338370	0.7285009696669187
11820	13602	0.5317553863432598
16331	217303	0.7285009696669187
234779	58194	0.5317553863432598
665113	58194	0.7529407830188879
13132	58194	0.5952702815819886
16331	58194	0.5952702815819886
224997	58194	0.8427572850047658
17060	58194	0.5952702815819886
15165	58194	0.7529407830188879
234779	16822	0.41426078831584734
16797	16822	0.8164556782576167
16331	16822	0.5317553863432598
210757	16822	0.5317553863432598
20849	27218	0.5317553863432598
94212	27218	0.5317553863432598
16331	27218	0.9407754024862224
16331	380732	0.3507458930771186
72433	30054	0.5317553863432598
30054	30054	0.7285009696669187
15900	27405	0.5317553863432598
18643	27405	0.467814980072192
14745	105844	0.7529407830188879
15234	15234	0.6367694790401637
15364	12394	0.4436502110608205
16842	12394	0.3507458930771186
12398	12394	0.5952702815819886
14461	12394	0.7529407830188879
23871	12394	0.41426078831584734
16184	12394	0.4159054415340088
67844	11657	0.5317553863432598
67731	11657	0.5317553863432598
16531	11657	0.9062721802434944
21388	22290	0.5955916407514616
14463	22290	0.3507458930771186
16842	13982	0.7285009696669187
18667	13982	0.8769329741515093
20779	13982	0.6222702117077465
18479	13982	0.8164556782576167
74053	13982	0.8164556782576167
14812	19085	0.5317553863432598
665113	19085	0.7529407830188879
15165	19085	0.7529407830188879
16019	19085	0.5317553863432598
20849	12317	0.5317553863432598
16531	12317	0.8427572850047658
15450	12317	0.5317553863432598
11820	12317	0.9041617647961112
69253	22352	0.5317553863432598
18783	22352	0.5952702815819886
67731	22352	0.5317553863432598
16531	22352	0.9062721802434944
20648	22352	0.5317553863432598
19016	22352	0.5317553863432598
14804	22352	0.5317553863432598
16367	22352	0.5317553863432598
18754	22352	0.8427572850047658
22352	22352	0.8164556782576167
66722	269209	0.7285009696669187
17701	107587	0.5317553863432598
72512	20198	0.5317553863432598
20198	20198	0.9057031380716064
14812	232975	0.5317553863432598
16531	232975	0.7529407830188879
72512	232975	0.5317553863432598
665113	20404	0.7529407830188879
50873	20404	0.8919336041314616
58194	20404	0.5952702815819886
20404	20404	0.8180293061826498
11820	20408	0.4159054415340088
50873	20408	0.5317553863432598
12334	218038	0.3507458930771186
20404	218038	0.5071651062995493
20408	218038	0.4436502110608205
13162	20964	0.3507458930771186
12361	20964	0.5317553863432598
20404	20964	0.5071651062995493
20408	20964	0.4436502110608205
17762	23969	0.8346507759609727
23969	23969	0.9059021412666156
81879	16572	0.5317553863432598
665113	16572	0.7529407830188879
224997	16572	0.7529407830188879
99377	16572	0.5317553863432598
665113	30948	0.7529407830188879
17762	30948	0.7285009696669187
20190	30948	0.3507458930771186
20404	30948	0.5071651062995493
20408	30948	0.4436502110608205
69253	20740	0.5317553863432598
58869	20740	0.7529407830188879
665113	20740	0.7529407830188879
20430	20740	0.7529407830188879
58234	20740	0.8427572850047658
224997	20740	0.8427572850047658
545156	20740	0.7529407830188879
245684	20740	0.7529407830188879
12550	65970	0.5071651062995493
66725	65970	0.5952702815819886
384783	14783	0.5952702815819886
16590	14783	0.8164556782576167
16337	14783	0.9554258126802874
65246	70315	0.5317553863432598
15900	71586	0.5952702815819886
234311	71586	0.7285009696669187
71586	71586	0.5952702815819886
12288	66597	0.6222702117077465
71586	66597	0.5317553863432598
18516	17268	0.7285009696669187
14461	17268	0.5317553863432598
15405	17268	0.8919520574761894
17536	80720	0.5317553863432598
17268	80720	0.5317553863432598
15900	81703	0.5317553863432598
11820	81703	0.5317553863432598
80720	81703	0.5317553863432598
81703	81703	0.8066849668661721
13176	17909	0.7920158649056475
19645	12677	0.7114415855607127
18508	12677	0.5952702815819886
67790	270160	0.5317553863432598
12288	16170	0.8919413401696368
14811	16170	0.9554812381460164
20430	16500	0.7529407830188879
15511	16500	0.5317553863432598
16497	16508	0.3507458930771186
16170	16508	0.5952702815819886
16500	16508	0.3507458930771186
16508	16559	0.8406468695573823
245684	74108	0.7529407830188879
74108	74108	0.6367694790401637
16854	16854	0.8164556782576167
81879	17979	0.5317553863432598
17977	17979	0.5204713888121875
114606	17979	0.5317553863432598
16854	17979	0.7529407830188879
17979	17979	0.8164556782576167
26365	171285	0.7285009696669187
16859	171285	0.8759744654159525
16854	171285	0.3507458930771186
58869	21960	0.7529407830188879
665113	21960	0.7529407830188879
58234	21960	0.7529407830188879
245684	21960	0.7529407830188879
16854	21960	0.3507458930771186
16854	22329	0.5317553863432598
26874	26874	0.5952702815819886
14812	20979	0.5317553863432598
245684	20979	0.7529407830188879
94217	20979	0.5317553863432598
20979	20979	0.5583298054366788
13132	67602	0.5071651062995493
17701	16870	0.41426078831584734
17684	16870	0.41426078831584734
14812	18039	0.5317553863432598
20430	18039	0.7529407830188879
16531	18039	0.8427572850047658
58234	18039	0.8427572850047658
224997	18039	0.8427572850047658
109620	18039	0.5317553863432598
545156	18039	0.7529407830188879
245684	18039	0.7529407830188879
12288	18578	0.3507458930771186
244667	18578	0.41426078831584734
238871	18578	0.3507458930771186
224997	18578	0.8427572850047658
27405	26941	0.467814980072192
13487	26941	0.7920158649056475
22352	12638	0.41426078831584734
13487	12638	0.889016508974835
26941	12638	0.940447869390238
83558	320558	0.7285009696669187
665113	75974	0.7529407830188879
15900	14824	0.5317553863432598
14800	14824	0.5317553863432598
21938	14824	0.5952702815819886
18198	382864	0.41426078831584734
18033	230073	0.5317553863432598
20779	230073	0.5952702815819886
234311	230073	0.7285009696669187
18128	18132	0.3507458930771186
19664	18132	0.7920158649056475
18128	14357	0.41426078831584734
18128	70417	0.3507458930771186
12053	20750	0.5317553863432598
13132	14725	0.6222702117077465
13131	14725	0.8066849668661721
11820	14725	0.41426078831584734
20430	18212	0.7529407830188879
18412	18212	0.5952702815819886
23859	72555	0.3507458930771186
74053	72555	0.3507458930771186
21803	21814	0.4412607184416053
11820	18196	0.3507458930771186
16971	20660	0.3507458930771186
14725	20660	0.3507458930771186
15900	70789	0.5317553863432598
234779	13822	0.5317553863432598
11820	20617	0.5952702815819886
66725	20617	0.5952702815819886
13162	20617	0.9688737119606772
12298	12289	0.5317553863432598
19016	97064	0.3507458930771186
18505	97064	0.7920158649056475
27494	97064	0.5952702815819886
12695	97064	0.5317553863432598
21869	97064	0.41426078831584734
21679	97064	0.5952702815819886
114606	97064	0.5317553863432598
97064	97064	0.7529407830188879
17536	15398	0.5952702815819886
17268	15398	0.8970314960174597
665113	24136	0.7529407830188879
15900	24136	0.5317553863432598
21388	234366	0.5317553863432598
81879	234366	0.7529407830188879
15364	234366	0.4436502110608205
99377	234366	0.5317553863432598
20779	13844	0.7285009696669187
74053	13844	0.8346507759609727
13844	13844	0.7569292548522373
12952	19883	0.5317553863432598
20238	19883	0.8777148418864569
17536	18514	0.5952702815819886
17127	18514	0.7285009696669187
15436	18514	0.5952702815819886
14461	18514	0.5317553863432598
15405	18514	0.9419306207098948
17268	18514	0.940447869390238
20375	15395	0.8164556782576167
17268	15395	0.5317553863432598
18514	15395	0.5952702815819886
17268	15422	0.5317553863432598
15364	12400	0.4436502110608205
12394	12400	0.9054478066276525
15405	30951	0.4159054415340088
27140	83925	0.5317553863432598
17979	83925	0.5317553863432598
18033	231130	0.8164556782576167
18033	20296	0.7393691551226449
14011	20296	0.5317553863432598
12053	20296	0.5952702815819886
18033	193740	0.5317553863432598
50873	193740	0.5317553863432598
15511	193740	0.5317553863432598
18754	193740	0.5317553863432598
18033	16168	0.5317553863432598
16362	16168	0.4159054415340088
18033	18507	0.5317553863432598
15900	18507	0.5317553863432598
16842	18507	0.7529407830188879
19696	18507	0.5317553863432598
12902	18507	0.5317553863432598
20375	18507	0.5317553863432598
20849	14682	0.5317553863432598
14806	14682	0.3507458930771186
15511	13876	0.5317553863432598
14461	13876	0.5317553863432598
15511	13853	0.5317553863432598
13426	14815	0.5317553863432598
15516	14815	0.9554562354083656
12952	14815	0.7285009696669187
15511	14815	0.5317553863432598
14281	14815	0.8427572850047658
74053	14815	0.8164556782576167
218772	14815	0.5317553863432598
14815	14815	0.8190157950314054
230073	56489	0.5952702815819886
58234	18750	0.8427572850047658
16416	18750	0.5317553863432598
15900	213019	0.5317553863432598
18750	213019	0.3507458930771186
20648	20271	0.8406468695573823
83814	20271	0.5952702815819886
12315	11514	0.4436502110608205
17096	18733	0.5317553863432598
215999	215999	0.8180293061826498
15900	21834	0.3507458930771186
17977	21834	0.3407851895947346
60345	21834	0.5317553863432598
18128	94187	0.3507458930771186
218772	94187	0.47942033677273754
15900	20305	0.5317553863432598
16797	215280	0.5317553863432598
20963	215280	0.5317553863432598
15900	215280	0.5317553863432598
30955	215280	0.5317553863432598
16822	215280	0.5317553863432598
18844	18187	0.7285009696669187
18187	20348	0.41426078831584734
18746	18762	0.5317553863432598
268752	18762	0.3507458930771186
65246	26408	0.5317553863432598
58234	26408	0.8427572850047658
12977	26408	0.4436502110608205
16842	12393	0.41426078831584734
15110	12393	0.3507458930771186
19645	12393	0.8066849668661721
17127	12393	0.41426078831584734
212712	12393	0.7285009696669187
97064	12393	0.4436502110608205
12400	12393	0.6222702117077465
12986	15162	0.5952702815819886
27140	140577	0.5317553863432598
20345	20612	0.6681281747544451
637515	16917	0.5317553863432598
238871	16917	0.5317553863432598
17096	16398	0.5317553863432598
20779	16398	0.5317553863432598
11820	12805	0.5317553863432598
58234	12805	0.8427572850047658
12805	19283	0.41426078831584734
18033	16193	0.905120273531668
19696	16193	0.905120273531668
11910	16193	0.8427572850047658
12053	16193	0.5317553863432598
16170	16193	0.3507458930771186
15900	13400	0.5317553863432598
18424	71835	0.5317553863432598
94212	19265	0.5317553863432598
19264	19265	0.5317553863432598
12505	24001	0.573254583801435
244218	16880	0.7285009696669187
16880	13019	0.6591065359901904
22330	21894	0.8164556782576167
94212	21894	0.5317553863432598
16797	21894	0.5317553863432598
15900	21894	0.5317553863432598
12334	21894	0.5317553863432598
109620	21894	0.5317553863432598
94212	54519	0.5317553863432598
21894	54519	0.8919413401696368
231130	21687	0.41426078831584734
11461	102502	0.467814980072192
67731	16664	0.5317553863432598
65246	259300	0.5317553863432598
259300	259300	0.9605477471748238
231470	329872	0.7529407830188879
15900	242022	0.5317553863432598
231470	242022	0.7529407830188879
329872	242022	0.5317553863432598
12824	12824	0.7489496355989168
14011	13838	0.5317553863432598
108699	13838	0.8732700567972629
13844	13838	0.5634838724099904
13838	13838	0.8203763270807259
66722	50525	0.889016508974835
50525	74362	0.8406468695573823
14812	12323	0.9062721802434944
665113	12323	0.7529407830188879
20430	12323	0.7529407830188879
18011	12323	0.5317553863432598
58234	12323	0.8427572850047658
14804	12323	0.5317553863432598
224997	12323	0.8427572850047658
15165	12323	0.7529407830188879
545156	12323	0.7529407830188879
245684	12323	0.7529407830188879
12695	12323	0.5317553863432598
20648	22288	0.7529407830188879
13405	22288	0.41426078831584734
14806	268780	0.3507458930771186
13405	268780	0.3507458930771186
69253	15530	0.5317553863432598
13405	24052	0.5317553863432598
22288	24052	0.5317553863432598
83557	380669	0.7529407830188879
94212	73341	0.5317553863432598
16797	73341	0.5317553863432598
20963	21898	0.7920158649056475
26365	21898	0.3507458930771186
15900	21898	0.8164556782576167
11625	21898	0.5952702815819886
12389	21898	0.5317553863432598
16790	21898	0.5317553863432598
20375	21898	0.5952702815819886
17395	21898	0.5317553863432598
21898	21898	0.9419042045629976
30955	18707	0.3407851895947346
21898	18707	0.5317553863432598
17132	16177	0.4159054415340088
12229	24088	0.5317553863432598
13058	24088	0.5952702815819886
14870	14870	0.573254583801435
26365	13591	0.4159054415340088
15900	13591	0.5317553863432598
18507	13591	0.8028840503613737
94212	16428	0.5317553863432598
16797	16428	0.5952702815819886
210757	16428	0.3507458930771186
17060	16428	0.5071651062995493
13593	16428	0.5317553863432598
67731	14394	0.5317553863432598
22027	14394	0.5317553863432598
18189	14394	0.5317553863432598
14394	14394	0.5317553863432598
12575	100503924	0.4159054415340088
19016	19017	0.8164556782576167
19013	19017	0.7920158649056475
26381	19017	0.5071651062995493
19883	19017	0.3507458930771186
100503924	19017	0.4159054415340088
109700	20361	0.3507458930771186
109700	114249	0.3507458930771186
18198	228357	0.7858792732474543
20660	228357	0.3507458930771186
20296	107684	0.5317553863432598
319154	20666	0.3507458930771186
81879	12224	0.5317553863432598
17096	12224	0.5317553863432598
99377	12224	0.5317553863432598
65246	12934	0.5952702815819886
20849	12934	0.5317553863432598
14812	12934	0.5317553863432598
665113	12934	0.8164556782576167
20430	12934	0.7529407830188879
16531	12934	0.8427572850047658
224997	12934	0.8427572850047658
63873	17761	0.41426078831584734
16531	18826	0.8427572850047658
18826	18826	0.7920158649056475
14281	14013	0.7529407830188879
11820	11787	0.5952702815819886
11787	11787	0.7529407830188879
16842	17967	0.4159054415340088
11820	17967	0.5317553863432598
20740	17967	0.5317553863432598
17967	14183	0.6269987676487192
12288	18821	0.5317553863432598
18821	18821	0.3507458930771186
14812	19088	0.7529407830188879
665113	19088	0.7529407830188879
66725	19088	0.8769329741515093
20849	18761	0.5317553863432598
14357	18761	0.5317553863432598
109042	18761	0.3507458930771186
21388	19285	0.5317553863432598
65246	19285	0.5317553863432598
67731	19285	0.5317553863432598
13405	19285	0.5952702815819886
12389	19285	0.905120273531668
107589	19285	0.5317553863432598
109042	19285	0.41426078831584734
20849	54353	0.5317553863432598
17096	54353	0.5071651062995493
16822	54353	0.5317553863432598
20849	21391	0.5317553863432598
20849	18439	0.5317553863432598
20430	18439	0.7529407830188879
20849	20491	0.5317553863432598
20191	16970	0.5317553863432598
20849	16970	0.5317553863432598
20849	100273	0.5317553863432598
12393	17130	0.5952702815819886
17130	12167	0.8164556782576167
12167	12167	0.8164556782576167
17130	12166	0.5952702815819886
12389	12168	0.5952702815819886
19091	12168	0.9418363815527574
17130	12168	0.5952702815819886
12166	12168	0.5952702815819886
11820	269116	0.5317553863432598
58234	269116	0.8427572850047658
224997	13367	0.8427572850047658
20779	13367	0.5317553863432598
15162	13367	0.41426078831584734
13367	13367	0.955483085572708
330627	330627	0.5317553863432598
67731	110257	0.5317553863432598
13033	110257	0.3507458930771186
13030	110257	0.3507458930771186
94212	216859	0.5317553863432598
14394	110886	0.5317553863432598
19264	16403	0.5317553863432598
12557	16403	0.5317553863432598
20375	14190	0.7393691551226449
16480	18613	0.8164556782576167
16480	12562	0.5952702815819886
21812	12562	0.5317553863432598
12550	19281	0.3507458930771186
16480	19281	0.3507458930771186
12562	19281	0.3507458930771186
18783	93695	0.5317553863432598
20648	13009	0.5317553863432598
18754	13009	0.5317553863432598
214384	17260	0.3507458930771186
17979	17260	0.5317553863432598
14800	121021	0.5317553863432598
74053	121021	0.9064026373473688
14463	22762	0.889016508974835
20191	80297	0.5317553863432598
13405	80297	0.5317553863432598
58234	80297	0.8427572850047658
108058	80297	0.3507458930771186
110862	110862	0.41426078831584734
11461	56226	0.3507458930771186
12043	171543	0.41426078831584734
20849	20449	0.5317553863432598
16189	16186	0.5952702815819886
19013	14462	0.4436502110608205
20375	14462	0.8164556782576167
16189	14462	0.8164556782576167
16184	14462	0.41426078831584734
14812	330914	0.5952702815819886
665113	330914	0.7529407830188879
224997	330914	0.8427572850047658
58234	319504	0.7529407830188879
58234	26557	0.8427572850047658
20430	18526	0.5071651062995493
20128	18526	0.4436502110608205
18526	18526	0.4436502110608205
665113	226251	0.7529407830188879
224997	226251	0.8427572850047658
15900	14544	0.5317553863432598
12695	14544	0.7431700716274434
14812	69635	0.8969751907627387
14812	17756	0.7529407830188879
108058	17756	0.5634838724099904
20964	17756	0.5317553863432598
23859	14362	0.5952702815819886
14812	17904	0.5317553863432598
67731	17904	0.5317553863432598
66725	17904	0.5952702815819886
11820	11941	0.5317553863432598
224997	74007	0.7529407830188879
224997	74342	0.7529407830188879
58234	244310	0.9332721103692524
224997	244310	0.9332721103692524
20849	20511	0.5317553863432598
14812	20511	0.5317553863432598
16531	53602	0.8427572850047658
16531	69219	0.8427572850047658
14812	14696	0.5317553863432598
20648	16513	0.8406468695573823
13405	16513	0.7529407830188879
224997	16513	0.8427572850047658
12695	16513	0.8759744654159525
16170	16513	0.8066849668661721
14812	11496	0.5317553863432598
224997	11496	0.8427572850047658
545156	11496	0.5317553863432598
16531	17754	0.4412607184416053
20430	108069	0.7529407830188879
58234	108069	0.8427572850047658
14799	14802	0.4412607184416053
14800	14802	0.8406468695573823
665113	53623	0.7529407830188879
224997	53623	0.8427572850047658
14800	53623	0.8782153379672103
18412	53623	0.8164556782576167
545156	53623	0.7529407830188879
12971	12971	0.573254583801435
23859	241568	0.3507458930771186
241568	241568	0.5071651062995493
12361	54725	0.41426078831584734
17756	54725	0.3507458930771186
54725	54725	0.6123296656881946
58869	93742	0.7529407830188879
13132	93742	0.7114415855607127
18762	93742	0.967447799515996
12562	93742	0.9054478066276525
54725	93742	0.3507458930771186
665113	26921	0.7529407830188879
58234	26921	0.7529407830188879
224997	26921	0.7529407830188879
17096	106877	0.3507458930771186
16531	22004	0.7529407830188879
66725	22004	0.5317553863432598
665113	13518	0.7529407830188879
12361	13518	0.5317553863432598
18810	13518	0.3507458930771186
20430	81907	0.3507458930771186
20404	81907	0.41426078831584734
13518	81907	0.3507458930771186
18189	192167	0.6591065359901904
234779	12143	0.5071651062995493
20963	12143	0.5317553863432598
66725	75646	0.5952702815819886
83814	20269	0.5317553863432598
15900	15211	0.5317553863432598
15211	15211	0.3507458930771186
15211	15212	0.3507458930771186
15212	15212	0.41426078831584734
21934	263406	0.5317553863432598
21934	21943	0.9624216337827972
21943	21943	0.7110160745283737
108723	108723	0.8066849668661721
665113	21416	0.5952702815819886
16842	21416	0.5317553863432598
21413	21416	0.7529407830188879
16842	21415	0.3507458930771186
13982	21415	0.7285009696669187
72512	29875	0.5317553863432598
12977	29875	0.4436502110608205
226049	29875	0.5317553863432598
13367	29875	0.41426078831584734
21942	21942	0.5071651062995493
20849	71982	0.5317553863432598
15900	71982	0.5317553863432598
20849	16477	0.5317553863432598
16162	16477	0.5317553863432598
17127	16477	0.47942033677273754
20375	16477	0.5317553863432598
14281	16477	0.9062721802434944
16184	16477	0.5317553863432598
18762	16477	0.27727029435600586
16193	16477	0.5317553863432598
72433	14734	0.5317553863432598
67844	14734	0.5317553863432598
20423	14734	0.3507458930771186
15364	14615	0.4436502110608205
77018	77018	0.41426078831584734
545156	67847	0.8164556782576167
16559	65971	0.3507458930771186
18844	18186	0.9605463912561883
17886	18186	0.5317553863432598
14254	18186	0.5952702815819886
20348	18186	0.41426078831584734
18186	18186	0.6393295958139525
15900	239027	0.5317553863432598
14461	12873	0.5317553863432598
16006	16000	0.41426078831584734
16008	16000	0.41426078831584734
16010	16000	0.41426078831584734
16011	16000	0.41426078831584734
18018	16000	0.5317553863432598
16337	16000	0.41426078831584734
14812	20418	0.7285009696669187
11820	20418	0.7920158649056475
20779	20418	0.5317553863432598
17977	22259	0.5952702815819886
19017	22259	0.5317553863432598
58869	208618	0.7529407830188879
665113	208618	0.7529407830188879
224997	208618	0.7529407830188879
545156	208618	0.5317553863432598
16438	22066	0.7920158649056475
20430	22066	0.7529407830188879
20779	22066	0.4436502110608205
12389	22066	0.7285009696669187
26941	22066	0.5071651062995493
12562	22066	0.7545144109439211
67731	70673	0.5317553863432598
19016	70673	0.8322972262096651
17127	70673	0.41426078831584734
19013	70673	0.3507458930771186
19017	70673	0.5955916407514616
20192	20192	0.3507458930771186
12661	53870	0.8406468695573823
16590	11501	0.3507458930771186
16177	11501	0.3507458930771186
12661	11501	0.3507458930771186
94212	23880	0.5317553863432598
17096	23880	0.4436502110608205
16822	23880	0.8066849668661721
17096	27278	0.5317553863432598
54353	27278	0.5317553863432598
18613	27278	0.3507458930771186
23880	27278	0.7529407830188879
12825	14766	0.7285009696669187
107589	229521	0.5317553863432598
229521	229521	0.467814980072192
12977	286940	0.4436502110608205
107589	286940	0.5317553863432598
107589	109272	0.5317553863432598
15364	330171	0.4436502110608205
12934	65254	0.8164556782576167
20430	241134	0.8919109174415586
58869	17918	0.7529407830188879
14812	17918	0.7529407830188879
15364	17918	0.4436502110608205
665113	17918	0.7529407830188879
20430	17918	0.7529407830188879
58234	17918	0.8427572850047658
12977	17918	0.4436502110608205
545156	17918	0.7529407830188879
18039	17918	0.7920158649056475
17918	17918	0.8164556782576167
14812	108071	0.5317553863432598
665113	108071	0.7529407830188879
12315	108071	0.4436502110608205
58234	108071	0.9062721802434944
18750	108071	0.41426078831584734
26557	108071	0.5317553863432598
14812	14432	0.5317553863432598
12315	14432	0.5317553863432598
14677	14432	0.5317553863432598
16438	19055	0.3507458930771186
14812	19055	0.8427572850047658
18011	19055	0.5317553863432598
58234	19055	0.8427572850047658
12043	19055	0.889016508974835
224997	19055	0.8427572850047658
17762	19055	0.3507458930771186
12695	19055	0.5317553863432598
14394	19055	0.5952702815819886
13009	19055	0.3507458930771186
83814	110876	0.7285009696669187
67295	116837	0.7920158649056475
665113	116837	0.7529407830188879
67295	116838	0.6222702117077465
665113	56508	0.7529407830188879
58234	56508	0.8427572850047658
224997	56508	0.8427572850047658
545156	56508	0.7529407830188879
116837	56508	0.5317553863432598
116838	56508	0.7920158649056475
244058	12159	0.3507458930771186
14725	12159	0.3507458930771186
15900	21808	0.5317553863432598
21808	21808	0.41426078831584734
15165	77629	0.7529407830188879
665113	319565	0.7529407830188879
72433	109934	0.5317553863432598
65246	109934	0.5317553863432598
22142	230863	0.5317553863432598
109934	230863	0.5317553863432598
19276	19275	0.7529407830188879
81879	19261	0.4159054415340088
58234	19261	0.8427572850047658
12977	19261	0.4436502110608205
30955	19261	0.5317553863432598
16423	19261	0.9064026373473688
208154	19261	0.3507458930771186
235320	235320	0.8164556782576167
235320	20230	0.5317553863432598
12842	50706	0.5955916407514616
12288	17906	0.5317553863432598
18754	17906	0.5317553863432598
97064	18004	0.7285009696669187
58234	242667	0.9332721103692524
224997	242667	0.9062721802434944
18741	54132	0.41426078831584734
12952	108079	0.3507458930771186
17475	170788	0.3507458930771186
16590	17311	0.8981656711997015
20430	73094	0.7529407830188879
16438	12319	0.41426078831584734
19264	17533	0.5317553863432598
12229	17533	0.5317553863432598
20612	17533	0.5317553863432598
665113	67252	0.7529407830188879
19264	67252	0.5317553863432598
14812	215114	0.3507458930771186
14811	215114	0.3507458930771186
14799	215114	0.3507458930771186
20430	19130	0.7529407830188879
19883	19130	0.41426078831584734
72512	64685	0.5317553863432598
64685	64685	0.41426078831584734
94212	22324	0.8164556782576167
16797	22324	0.5952702815819886
12703	22324	0.41426078831584734
16590	22324	0.5317553863432598
19264	22324	0.5317553863432598
230787	22324	0.3507458930771186
210757	22324	0.3507458930771186
16822	22324	0.5952702815819886
16428	22324	0.27727029435600586
20849	12503	0.5317553863432598
20963	12503	0.5317553863432598
14127	12503	0.5317553863432598
22324	12503	0.5317553863432598
12503	12503	0.5317553863432598
16590	14159	0.5952702815819886
15900	71137	0.5317553863432598
69253	16773	0.5317553863432598
67731	14115	0.5317553863432598
15530	14115	0.820444150090966
16773	14115	0.573254583801435
20617	17748	0.4436502110608205
22177	23900	0.8427572850047658
22177	23845	0.8164556782576167
23900	23845	0.8406468695573823
17258	18099	0.3507458930771186
16842	17863	0.5952702815819886
14461	17863	0.5317553863432598
18507	17863	0.5952702815819886
18099	17863	0.5071651062995493
94212	72042	0.5317553863432598
11461	72042	0.8066849668661721
15900	72042	0.5317553863432598
18039	110596	0.3507458930771186
93742	211401	0.7529407830188879
211401	211401	0.820444150090966
665113	58208	0.7529407830188879
94212	58208	0.5317553863432598
11622	58208	0.5317553863432598
18013	58208	0.5317553863432598
13649	57257	0.41426078831584734
20849	69769	0.5317553863432598
18412	240518	0.5317553863432598
110596	240518	0.3507458930771186
18424	67891	0.5317553863432598
22330	13800	0.4436502110608205
20779	13800	0.6681281747544451
18643	13800	0.5071651062995493
54519	13800	0.7431700716274434
65246	110789	0.5317553863432598
14682	110789	0.3507458930771186
20849	74901	0.5317553863432598
58869	109676	0.7529407830188879
20541	109676	0.5955916407514616
665113	109676	0.7529407830188879
20430	109676	0.7529407830188879
58234	109676	0.8427572850047658
20742	109676	0.3507458930771186
545156	109676	0.7529407830188879
20740	109676	0.5317553863432598
20271	109676	0.3507458930771186
259300	109676	0.8255016137361062
15900	104759	0.5317553863432598
114606	108655	0.5317553863432598
108655	108655	0.7285009696669187
29877	29877	0.3507458930771186
15900	107769	0.5317553863432598
11438	72585	0.8782153379672103
20423	15245	0.7920158649056475
69635	107449	0.5952702815819886
20612	17312	0.4436502110608205
20963	14389	0.7920158649056475
17096	14389	0.9062721802434944
18707	14389	0.7529407830188879
16531	14580	0.8427572850047658
17918	14580	0.7285009696669187
13838	225870	0.5317553863432598
20430	76089	0.7529407830188879
58234	76089	0.8427572850047658
665113	16574	0.7529407830188879
16531	16574	0.7529407830188879
58234	16574	0.8427572850047658
224997	16574	0.8427572850047658
16572	16574	0.9041617647961112
232943	16574	0.8493941684861831
16574	16574	0.5317553863432598
58869	77097	0.7529407830188879
665113	77097	0.7529407830188879
665113	110279	0.7529407830188879
230863	110279	0.8406468695573823
20849	235283	0.5317553863432598
665113	235604	0.7529407830188879
20430	235604	0.7529407830188879
14812	67268	0.7529407830188879
14811	67268	0.7285009696669187
15364	67268	0.4436502110608205
18754	12259	0.5317553863432598
20191	226180	0.5317553863432598
14812	226180	0.5317553863432598
665113	226180	0.7529407830188879
16531	226180	0.8427572850047658
58234	226180	0.8427572850047658
545156	226180	0.7529407830188879
245684	226180	0.7529407830188879
72433	16800	0.5317553863432598
58869	16800	0.7529407830188879
665113	16800	0.7529407830188879
20430	16800	0.7529407830188879
16706	16800	0.9419042045629976
11852	16800	0.3507458930771186
234779	227753	0.5317553863432598
14812	227753	0.5317553863432598
665113	227753	0.8164556782576167
224997	227753	0.8427572850047658
53416	227753	0.5952702815819886
14812	18040	0.5317553863432598
20430	18040	0.7529407830188879
16531	18040	0.8427572850047658
58234	18040	0.8427572850047658
545156	18040	0.7529407830188879
20963	74039	0.5952702815819886
58869	242425	0.7529407830188879
15165	242425	0.7529407830188879
242425	76071	0.3507458930771186
58869	12558	0.7529407830188879
22416	12558	0.5317553863432598
14812	12558	0.7529407830188879
15364	12558	0.4436502110608205
665113	12558	0.7529407830188879
20271	12558	0.3507458930771186
19281	12558	0.3507458930771186
330914	12558	0.5952702815819886
16574	12558	0.5317553863432598
12558	12558	0.8784128615407287
21388	107829	0.5317553863432598
65246	107829	0.5317553863432598
18128	227325	0.3507458930771186
12288	16777	0.5317553863432598
16772	16777	0.5317553863432598
54524	54524	0.7489496355989168
94212	14775	0.7529407830188879
16531	14775	0.7529407830188879
16797	14775	0.5317553863432598
110637	14807	0.5317553863432598
14806	14807	0.7285009696669187
16438	105675	0.6269987676487192
14462	20677	0.5952702815819886
12443	106052	0.5952702815819886
12952	213311	0.9631124341285516
13131	22359	0.9412297371251857
58234	243725	0.8427572850047658
545156	243725	0.7529407830188879
16800	243725	0.7920158649056475
20849	22780	0.5317553863432598
15900	23962	0.5317553863432598
14127	140497	0.7285009696669187
22177	140497	0.8255016137361062
23900	140497	0.7285009696669187
15900	56620	0.5317553863432598
14127	56620	0.3507458930771186
53870	69638	0.3507458930771186
65246	69726	0.5317553863432598
50873	228361	0.5952702815819886
58869	15166	0.8406468695573823
58234	15166	0.7529407830188879
15165	15166	0.9062721802434944
15166	15166	0.6367694790401637
94212	19268	0.5317553863432598
19645	15468	0.9041617647961112
20377	22418	0.5317553863432598
68151	22418	0.81463342828038
26564	22418	0.95033698288136
64685	67220	0.7529407830188879
67220	67220	0.8164556782576167
12393	225207	0.5317553863432598
67731	17883	0.5317553863432598
13131	13642	0.4436502110608205
13844	13642	0.7545144109439211
13838	13642	0.9062721802434944
93742	13642	0.7114415855607127
11461	19126	0.5952702815819886
14812	11472	0.9419042045629976
15364	11472	0.4436502110608205
18754	11472	0.5317553863432598
74053	11472	0.5317553863432598
20271	11472	0.3507458930771186
67731	24131	0.5317553863432598
20648	24131	0.5317553863432598
13405	24131	0.5317553863432598
18754	24131	0.8427572850047658
18750	24131	0.7529407830188879
18762	24131	0.7529407830188879
11472	24131	0.9550576718901268
13132	12978	0.5317553863432598
20779	12978	0.8164556782576167
12703	12978	0.5952702815819886
12977	12978	0.9624216335295048
106766	12978	0.41426078831584734
20375	12978	0.5952702815819886
107829	12978	0.889016508974835
12978	12978	0.7920158649056475
16370	65255	0.5317553863432598
18740	18740	0.5317553863432598
665113	13193	0.7529407830188879
224997	13193	0.7529407830188879
20849	22695	0.5317553863432598
16590	17444	0.5952702815819886
17060	17444	0.9064026373473688
16822	17444	0.9062721802434944
23880	17444	0.9054478066276525
14389	17444	0.6123296656881946
12978	17444	0.8066849668661721
13405	226041	0.7920158649056475
22288	226041	0.7920158649056475
18844	18160	0.5317553863432598
18160	18160	0.41426078831584734
15165	18481	0.7529407830188879
12494	12494	0.8970325496035935
13132	16542	0.7114415855607127
11820	16542	0.5317553863432598
18844	16542	0.41426078831584734
20779	16542	0.8164556782576167
18596	16542	0.5952702815819886
17295	16542	0.9065087856941872
407831	16542	0.7285009696669187
12562	16542	0.5952702815819886
93742	16542	0.7114415855607127
16542	16542	0.5071651062995493
21812	18260	0.5952702815819886
21812	72183	0.41426078831584734
83925	14634	0.3507458930771186
234779	14200	0.5317553863432598
15110	14200	0.7920158649056475
18754	14200	0.5317553863432598
15900	27056	0.5317553863432598
18746	12367	0.5634838724099904
20740	12367	0.3507458930771186
16170	12367	0.41426078831584734
20511	12367	0.3507458930771186
19645	12571	0.41426078831584734
12575	12571	0.8164556782576167
12443	12571	0.9554669527149182
12444	12571	0.9680306640559346
12394	12571	0.5952702815819886
665113	11735	0.7529407830188879
58234	11735	0.8427572850047658
108058	11735	0.3507458930771186
80297	11735	0.41426078831584734
14812	26414	0.5317553863432598
14812	108030	0.5952702815819886
12361	108030	0.41426078831584734
327814	108030	0.5317553863432598
75723	108030	0.3507458930771186
27494	108030	0.41426078831584734
11806	11303	0.41426078831584734
18186	67784	0.7285009696669187
665113	64009	0.8164556782576167
58234	64009	0.5317553863432598
224997	64009	0.8427572850047658
64009	64009	0.5071651062995493
215449	54354	0.5952702815819886
54354	54354	0.5071651062995493
65246	19229	0.5317553863432598
14812	19229	0.7529407830188879
20779	19229	0.940447869390238
12703	19229	0.5317553863432598
18754	19229	0.5317553863432598
78514	19229	0.7285009696669187
19261	19229	0.7529407830188879
12393	80707	0.7285009696669187
15162	14129	0.5952702815819886
14812	18751	0.8164556782576167
665113	18751	0.7529407830188879
20430	18751	0.7529407830188879
58234	18751	0.8427572850047658
224997	18751	0.8427572850047658
19645	18751	0.5952702815819886
16416	18751	0.7529407830188879
12695	18751	0.5317553863432598
24131	18751	0.8406468695573823
16443	12549	0.9412297371251857
20191	14226	0.9604737107051752
12288	19241	0.5317553863432598
16202	19241	0.7285009696669187
22062	22062	0.5952702815819886
12159	73230	0.7920158649056475
65246	13175	0.5317553863432598
665113	13175	0.7529407830188879
20430	13175	0.7529407830188879
58234	13175	0.8427572850047658
13193	13175	0.5317553863432598
13175	13175	0.5317553863432598
20849	102626	0.5317553863432598
16392	69642	0.3507458930771186
16202	110829	0.9875463213819462
19241	110829	0.7285009696669187
16202	57342	0.9903667492552256
110829	57342	0.9041617647961112
72585	11441	0.7285009696669187
11441	11441	0.3507458930771186
67731	16952	0.5317553863432598
12977	16952	0.4436502110608205
16952	26903	0.9041617647961112
18011	54485	0.8255016137361062
17475	54485	0.5317553863432598
50791	54485	0.5317553863432598
18132	54485	0.4412607184416053
20423	14451	0.9367849520359915
12393	15951	0.8346507759609727
17260	215031	0.8164556782576167
14799	12300	0.9062721802434944
14800	12300	0.5317553863432598
12395	12395	0.41426078831584734
20423	57810	0.8346507759609727
12558	57810	0.7920158649056475
665113	12759	0.8164556782576167
11979	12759	0.5952702815819886
12288	13063	0.5317553863432598
67731	13063	0.5317553863432598
99377	215789	0.5317553863432598
14682	64214	0.5952702815819886
16572	16502	0.5317553863432598
16502	16502	0.5952702815819886
16797	210293	0.5317553863432598
19261	246746	0.3507458930771186
21803	21813	0.6591065359901904
21812	21813	0.9824668828406762
21814	21813	0.5952702815819886
12562	21813	0.7285009696669187
21813	21813	0.47942033677273754
17975	22341	0.3507458930771186
21388	20174	0.5317553863432598
81879	20174	0.7529407830188879
15364	20174	0.4436502110608205
99377	20174	0.7529407830188879
20174	20174	0.7316430699931737
12265	12142	0.5952702815819886
23871	12142	0.7431700716274434
20375	12142	0.4436502110608205
14281	12142	0.7529407830188879
12053	12142	0.5317553863432598
16184	12142	0.5317553863432598
18507	12142	0.5317553863432598
16477	12142	0.5317553863432598
21940	12142	0.5317553863432598
12142	12142	0.8782153379672103
13483	13483	0.5952702815819886
65246	215690	0.5317553863432598
665113	223435	0.7529407830188879
224997	223435	0.8427572850047658
545156	223435	0.7529407830188879
215690	223435	0.5952702815819886
13405	244431	0.5952702815819886
24052	244431	0.3507458930771186
20849	232288	0.5317553863432598
56199	56199	0.7285009696669187
17082	77125	0.9041617647961112
19739	52882	0.7920158649056475
12317	17287	0.5317553863432598
14812	11891	0.5317553863432598
17918	11891	0.889016508974835
80718	11891	0.8499610241389501
236643	11891	0.9417302332059392
20678	20679	0.889016508974835
19645	18504	0.7920158649056475
67341	67341	0.5317553863432598
18412	16598	0.5317553863432598
20779	22068	0.5071651062995493
12550	17877	0.5317553863432598
21413	17877	0.5317553863432598
26903	193385	0.7920158649056475
15900	17772	0.5317553863432598
13346	17772	0.7920158649056475
20190	17772	0.3507458930771186
30948	17772	0.9041617647961112
18783	171463	0.5317553863432598
142980	171463	0.5317553863432598
21898	171463	0.5317553863432598
11820	241576	0.3507458930771186
21416	15248	0.9062721802434944
67295	19894	0.5952702815819886
15165	19894	0.7529407830188879
80718	19894	0.5952702815819886
11891	19894	0.968730163331697
26408	17279	0.3507458930771186
65962	194352	0.7858792732474543
12288	22003	0.5317553863432598
67731	22003	0.5317553863432598
15364	22003	0.4436502110608205
16531	22003	0.7529407830188879
66725	22003	0.5317553863432598
20652	22003	0.5317553863432598
18754	22003	0.5317553863432598
12695	15567	0.81463342828038
16531	11816	0.9062721802434944
14804	11816	0.5317553863432598
11806	11816	0.27727029435600586
68875	11816	0.47942033677273754
20963	14191	0.7316430699931737
27278	14191	0.7529407830188879
15516	107607	0.5317553863432598
22781	22781	0.41426078831584734
19876	20564	0.5317553863432598
229791	229791	0.3507458930771186
229791	330863	0.7285009696669187
13800	94090	0.4436502110608205
14026	94090	0.8066849668661721
15165	27428	0.7529407830188879
11689	212167	0.5317553863432598
11461	15572	0.5317553863432598
17762	15572	0.5317553863432598
20430	244281	0.7316430699931737
18039	80890	0.8346507759609727
17918	80890	0.41426078831584734
80890	80890	0.3507458930771186
16392	16826	0.6222702117077465
16870	16826	0.5952702815819886
16917	16826	0.5317553863432598
16826	16872	0.5952702815819886
16826	16876	0.5952702815819886
16826	16911	0.6222702117077465
16911	16911	0.7285009696669187
18505	17285	0.5952702815819886
17979	18171	0.5952702815819886
27140	21384	0.5317553863432598
97064	21676	0.5317553863432598
215031	21676	0.8255016137361062
22062	22061	0.5952702815819886
22061	22061	0.9624215471066456
16826	72135	0.5317553863432598
16876	72135	0.5317553863432598
26381	217082	0.5317553863432598
226896	226896	0.8346507759609727
81703	13395	0.5317553863432598
14605	15403	0.5317553863432598
18516	15403	0.5317553863432598
18514	15403	0.5317553863432598
18514	15414	0.8429668960000869
99377	15423	0.5317553863432598
18516	15423	0.5317553863432598
18514	15423	0.5317553863432598
18516	15425	0.5317553863432598
14824	20568	0.9062721802434944
15364	57440	0.4436502110608205
58226	57440	0.5317553863432598
109676	57440	0.8255016137361062
57440	57440	0.8164556782576167
15364	26914	0.4436502110608205
11820	14681	0.6222702117077465
245684	14681	0.7529407830188879
12288	12296	0.7920158649056475
108058	12296	0.3507458930771186
12286	12296	0.8981656711997015
12287	12296	0.8346507759609727
72512	14051	0.5317553863432598
16590	56792	0.7920158649056475
21682	56792	0.41426078831584734
12978	56792	0.7285009696669187
20296	12772	0.9539999002356064
83814	20265	0.5317553863432598
83814	20274	0.7285009696669187
11656	11656	0.5071651062995493
12503	16792	0.3507458930771186
22330	234214	0.5071651062995493
665113	234214	0.7529407830188879
20648	234214	0.5317553863432598
224997	234214	0.9332721103692524
109711	234214	0.5071651062995493
19229	234214	0.5071651062995493
18033	19373	0.5317553863432598
19696	19373	0.5317553863432598
19373	19373	0.8919680799740417
12229	14702	0.5952702815819886
14681	14702	0.4436502110608205
234779	12014	0.5317553863432598
12053	12014	0.5952702815819886
235320	12014	0.5317553863432598
12142	12014	0.27727029435600586
12014	12014	0.5317553863432598
27428	59009	0.8419329113889236
12837	12837	0.7545144109439211
407821	407821	0.573254583801435
14362	22422	0.8781483235191088
93897	22422	0.81463342828038
18033	19374	0.5317553863432598
16842	19374	0.7529407830188879
19696	19374	0.5317553863432598
17127	19374	0.4159054415340088
18507	19374	0.7529407830188879
17863	19374	0.7529407830188879
19373	19374	0.960546006063576
13642	19699	0.4436502110608205
18049	81840	0.3507458930771186
14082	56532	0.9631124738454768
65246	74568	0.5317553863432598
15900	74568	0.5317553863432598
56532	74568	0.9604737107051752
16170	16518	0.8164556782576167
16518	16518	0.8970199852429859
13405	76469	0.3507458930771186
16917	76469	0.5317553863432598
19055	76469	0.3507458930771186
11472	76469	0.3507458930771186
76469	76469	0.7285009696669187
21985	21985	0.7316430699931737
170643	170643	0.6637694091659216
13176	18208	0.5952702815819886
107449	18208	0.8201397216300332
665113	19266	0.7529407830188879
331461	19266	0.8995965236375123
54725	54698	0.41426078831584734
72512	547253	0.5317553863432598
15900	547253	0.5317553863432598
20849	13640	0.5317553863432598
13841	13640	0.6591065359901904
18212	13640	0.3507458930771186
13844	13640	0.573254583801435
13839	13640	0.6591065359901904
11820	21367	0.5955916407514616
66797	21367	0.41426078831584734
21813	21367	0.3507458930771186
21367	21367	0.41426078831584734
15364	18008	0.4436502110608205
665113	18008	0.7529407830188879
58234	18008	0.7529407830188879
21812	18008	0.3507458930771186
21813	18008	0.3507458930771186
11438	11444	0.9417302332059392
110834	11444	0.3507458930771186
11441	11444	0.8322972262096651
16971	24071	0.5071651062995493
14725	24071	0.8066849668661721
54485	24071	0.7285009696669187
72433	226652	0.5317553863432598
67844	226652	0.5317553863432598
16443	226652	0.4436502110608205
665113	12293	0.7529407830188879
18596	18591	0.8120332125862402
18591	18591	0.41426078831584734
16531	22041	0.8427572850047658
18754	22041	0.7529407830188879
80718	27359	0.5071651062995493
11891	27359	0.9367849520359915
12977	18417	0.7431700716274434
52463	60406	0.5317553863432598
15110	16543	0.3507458930771186
234779	23897	0.5317553863432598
15900	23897	0.5317553863432598
94212	94176	0.7529407830188879
16797	94176	0.5317553863432598
234779	74155	0.5317553863432598
94212	140580	0.5317553863432598
330662	140580	0.8507433944927694
94176	140580	0.5952702815819886
20849	18824	0.5317553863432598
15364	18824	0.4436502110608205
22324	18824	0.5317553863432598
16531	11857	0.8427572850047658
15900	17969	0.5317553863432598
12389	17969	0.6269987676487192
17970	17969	0.41426078831584734
17342	56233	0.5317553863432598
17258	56233	0.5952702815819886
17260	56233	0.5952702815819886
234779	12331	0.5317553863432598
67844	14268	0.5317553863432598
234779	14268	0.5317553863432598
16416	14268	0.41426078831584734
234779	192176	0.5317553863432598
20648	192176	0.5317553863432598
27494	192176	0.5304320922945716
18186	192176	0.7920158649056475
286940	192176	0.41426078831584734
192176	192176	0.41426078831584734
20190	19242	0.5317553863432598
20190	23792	0.5317553863432598
20191	74055	0.7529407830188879
21828	21828	0.3507458930771186
20430	103967	0.7529407830188879
218038	103967	0.5952702815819886
23969	103967	0.5317553863432598
30948	103967	0.5317553863432598
54524	20981	0.6854347403601881
20981	20981	0.5313298753109208
15165	13508	0.7529407830188879
13176	13508	0.8164556782576167
18208	13508	0.7285009696669187
665113	53972	0.7529407830188879
13838	53972	0.7920158649056475
11820	53945	0.5952702815819886
53945	53945	0.5952702815819886
53945	12870	0.5952702815819886
12394	13345	0.3507458930771186
12393	13345	0.7285009696669187
16202	170736	0.9689041346887556
12826	12826	0.41426078831584734
17475	16456	0.8608292095946763
142980	12489	0.5317553863432598
53791	12489	0.5317553863432598
24088	12489	0.5317553863432598
170744	233274	0.5317553863432598
170743	233274	0.5317553863432598
24088	233274	0.5317553863432598
72433	65973	0.5317553863432598
67844	65973	0.5317553863432598
12334	18019	0.5317553863432598
19696	18019	0.4159054415340088
12902	18019	0.5317553863432598
56722	18019	0.5317553863432598
16189	18019	0.9413848125675786
16184	18019	0.4159054415340088
18132	18019	0.5317553863432598
27056	18019	0.5317553863432598
11303	18019	0.5317553863432598
22780	22779	0.41426078831584734
22779	22779	0.41426078831584734
15364	23959	0.4436502110608205
67731	15122	0.5317553863432598
15364	15122	0.4436502110608205
13033	15122	0.3507458930771186
11674	15122	0.5317553863432598
13030	15122	0.3507458930771186
20648	20649	0.5317553863432598
13405	20649	0.8164556782576167
16513	20649	0.3507458930771186
225872	11864	0.41426078831584734
20465	11864	0.41426078831584734
11622	11864	0.3507458930771186
58198	76877	0.5317553863432598
65254	76877	0.5317553863432598
70350	22431	0.3507458930771186
114774	22431	0.5952702815819886
17684	22431	0.3507458930771186
14200	22431	0.5952702815819886
26941	22295	0.3507458930771186
22295	22295	0.5317553863432598
22295	11994	0.8995975743009705
11994	11994	0.5317553863432598
12564	12564	0.7554729196794779
58869	12386	0.7529407830188879
665113	12386	0.7529407830188879
224997	12386	0.5317553863432598
545156	12386	0.7529407830188879
12386	12386	0.8189878149182066
18186	20346	0.9419267097266673
18160	20346	0.4436502110608205
20346	20346	0.573254583801435
20849	16197	0.5317553863432598
20375	16197	0.5317553863432598
23893	23893	0.8430724307722512
15900	17084	0.5952702815819886
93742	58998	0.5071651062995493
58998	58998	0.47942033677273754
246703	246703	0.6367694790401637
58869	12552	0.7529407830188879
12552	12552	0.4159054415340088
243743	20358	0.8769329741515093
14026	20358	0.41426078831584734
20358	20358	0.8995975790933486
18186	18845	0.9065960431485688
20358	18845	0.8919685697528705
18845	18845	0.8784128615407287
71670	71670	0.941928572227522
50873	69310	0.41426078831584734
16519	16519	0.573254583801435
18787	18792	0.41426078831584734
107449	71436	0.3507458930771186
71436	71436	0.4159054415340088
227580	227580	0.8430789313338112
20779	22067	0.4436502110608205
26941	22067	0.5071651062995493
94212	17524	0.5317553863432598
94212	16408	0.5317553863432598
22027	16408	0.5317553863432598
16414	16408	0.7285009696669187
65246	15368	0.5317553863432598
18033	15368	0.5317553863432598
15900	15368	0.5317553863432598
18754	15368	0.5317553863432598
383619	383619	0.5952702815819886
383619	102058	0.3507458930771186
16419	16410	0.41426078831584734
16416	16410	0.7920158649056475
99377	50524	0.7529407830188879
16438	14816	0.7920158649056475
14812	14816	0.8427572850047658
26557	14816	0.9160164391005928
108071	14816	0.5317553863432598
15364	233335	0.4436502110608205
22138	233335	0.7285009696669187
22352	233335	0.3507458930771186
14580	233335	0.3507458930771186
69253	98878	0.5317553863432598
109676	98878	0.8255016137361062
23880	192216	0.8406468695573823
11820	16432	0.5952702815819886
12977	16432	0.4436502110608205
79362	229599	0.7285009696669187
14815	229599	0.7285009696669187
12952	68713	0.5317553863432598
12053	68713	0.5317553863432598
13058	224109	0.8782153379672103
13058	13057	0.8164556782576167
12389	18127	0.41426078831584734
18754	18127	0.5317553863432598
13982	18127	0.5952702815819886
15122	18127	0.5317553863432598
20963	216799	0.5317553863432598
12835	12835	0.467814980072192
11820	16560	0.5317553863432598
16560	16560	0.6222702117077465
18605	18605	0.5317553863432598
245684	268934	0.7529407830188879
14049	20474	0.5952702815819886
20408	77300	0.5952702815819886
13800	77300	0.41426078831584734
14026	77300	0.3507458930771186
19645	26388	0.8419329113889236
94217	268534	0.5317553863432598
22416	19277	0.7529407830188879
16189	12399	0.5317553863432598
12394	12399	0.27727029435600586
14462	12399	0.7285009696669187
58869	54403	0.7529407830188879
12288	59091	0.5317553863432598
14463	57246	0.3507458930771186
16438	22063	0.41426078831584734
20779	22063	0.4436502110608205
12389	22063	0.41426078831584734
22066	22063	0.8190157950314054
22066	22065	0.5952702815819886
59091	22065	0.5317553863432598
72512	226101	0.5317553863432598
259300	226101	0.5317553863432598
20979	66340	0.5317553863432598
212167	66340	0.8416053782929391
241568	80883	0.8180293061826498
15530	246228	0.797148533141835
16323	11477	0.6591065359901904
17130	11477	0.5952702815819886
16531	21345	0.8427572850047658
17127	21345	0.5317553863432598
67731	17907	0.5317553863432598
16531	17907	0.8427572850047658
433766	17907	0.7285009696669187
20779	11302	0.3507458930771186
53416	11302	0.5952702815819886
94212	12332	0.5317553863432598
16531	12332	0.8427572850047658
16531	215615	0.8427572850047658
16531	11818	0.8427572850047658
16531	15458	0.8427572850047658
66665	66665	0.7285009696669187
20849	50780	0.5317553863432598
20849	245666	0.5317553863432598
665113	245666	0.7529407830188879
58234	245666	0.8427572850047658
224997	245666	0.8427572850047658
545156	245666	0.7529407830188879
21687	19263	0.41426078831584734
12562	19263	0.955361417942754
16456	19263	0.5317553863432598
12173	74377	0.8406468695573823
21873	54419	0.3507458930771186
16170	16506	0.9062721802434944
16531	14473	0.8427572850047658
20430	13823	0.7529407830188879
16531	13823	0.8427572850047658
11820	13823	0.5317553863432598
58234	13823	0.8427572850047658
224997	13823	0.8427572850047658
545156	13823	0.7529407830188879
21846	21846	0.5952702815819886
16826	109594	0.5317553863432598
231252	231252	0.41426078831584734
12821	12821	0.3507458930771186
20679	244579	0.5317553863432598
78910	244579	0.5317553863432598
12818	12818	0.3507458930771186
16826	109593	0.5952702815819886
18424	225998	0.5317553863432598
17979	225998	0.5317553863432598
60345	225998	0.7920158649056475
217082	225998	0.5317553863432598
15442	15442	0.41426078831584734
16826	110648	0.5317553863432598
27140	30942	0.5317553863432598
21869	30942	0.5317553863432598
17979	30942	0.5317553863432598
13395	30942	0.5317553863432598
67731	17901	0.5317553863432598
433766	17901	0.7285009696669187
14064	14061	0.6367694790401637
14065	14061	0.6367694790401637
20963	20533	0.41426078831584734
14463	76365	0.3507458930771186
27140	76365	0.5317553863432598
12842	20317	0.4436502110608205
12825	20317	0.4436502110608205
16826	16873	0.5317553863432598
18596	54635	0.41426078831584734
54635	54635	0.41426078831584734
65246	22370	0.5317553863432598
18787	22370	0.41426078831584734
16598	107568	0.41426078831584734
12817	12817	0.3507458930771186
140709	140709	0.6591065359901904
18591	18590	0.41426078831584734
18590	18590	0.41426078831584734
15530	12819	0.3507458930771186
12819	12819	0.3507458930771186
12394	14247	0.5317553863432598
17470	239849	0.7545144109439211
18591	18595	0.41426078831584734
54635	18595	0.41426078831584734
18590	18595	0.41426078831584734
71355	71355	0.3507458930771186
237759	237759	0.41426078831584734
270198	270198	0.41426078831584734
20849	19073	0.5317553863432598
12505	19073	0.3507458930771186
15530	12822	0.5955916407514616
12822	12822	0.41426078831584734
12816	12816	0.41426078831584734
12563	12563	0.9419277567794576
373864	373864	0.3507458930771186
12823	12823	0.3507458930771186
15364	72333	0.4436502110608205
20979	108800	0.41426078831584734
20423	117606	0.8346507759609727
22177	57781	0.4436502110608205
17470	57781	0.90658732601098
399558	319387	0.7545144109439211
71436	319387	0.8919682762824134
13405	12266	0.5317553863432598
12902	12266	0.41426078831584734
12266	12266	0.4412607184416053
18596	71785	0.41426078831584734
71785	71785	0.3507458930771186
224997	16492	0.9062721802434944
58869	56320	0.7529407830188879
14812	56320	0.5317553863432598
20430	56320	0.7529407830188879
66725	56320	0.5952702815819886
58234	56320	0.7529407830188879
224997	56320	0.7529407830188879
20849	21838	0.5317553863432598
11820	21838	0.5317553863432598
13176	17188	0.889016508974835
18424	73826	0.5317553863432598
16367	73826	0.5317553863432598
67731	17758	0.5317553863432598
94212	17758	0.5317553863432598
72512	17758	0.5317553863432598
22142	17758	0.5317553863432598
20963	18987	0.5317553863432598
16590	114715	0.41426078831584734
15900	170752	0.5317553863432598
15900	16182	0.5317553863432598
15900	109019	0.5317553863432598
15900	24099	0.5317553863432598
24099	24099	0.5952702815819886
14394	14406	0.7529407830188879
19055	14406	0.889016508974835
15900	17105	0.5317553863432598
15900	13040	0.5317553863432598
20430	223254	0.7529407830188879
224997	223254	0.8427572850047658
665113	242274	0.7529407830188879
58234	242274	0.8427572850047658
224997	242274	0.8427572850047658
245684	242274	0.8434556083833746
16519	16521	0.41426078831584734
15450	12406	0.5317553863432598
227580	12406	0.41426078831584734
13405	27062	0.41426078831584734
16202	20464	0.5317553863432598
11864	20464	0.3507458930771186
20648	11550	0.5317553863432598
20849	108078	0.5317553863432598
81879	252973	0.7529407830188879
99377	252973	0.7529407830188879
65246	22145	0.5317553863432598
20963	22145	0.5952702815819886
13405	70549	0.5317553863432598
58234	70549	0.8427572850047658
14696	14706	0.8164556782576167
15900	246779	0.5317553863432598
19696	246779	0.4159054415340088
50931	246779	0.41426078831584734
16362	246779	0.905120273531668
14281	246779	0.5317553863432598
14812	210274	0.7529407830188879
665113	210274	0.7529407830188879
58234	210274	0.8427572850047658
14799	210274	0.3507458930771186
238871	210274	0.5317553863432598
14804	210274	0.3507458930771186
224997	210274	0.9332721103692524
15900	71720	0.5317553863432598
15364	230082	0.4436502110608205
66725	17916	0.5952702815819886
16416	16399	0.41426078831584734
67731	12350	0.5317553863432598
18412	381485	0.5952702815819886
11806	238055	0.6222702117077465
15900	76965	0.5317553863432598
67731	17888	0.5317553863432598
18754	17888	0.5317553863432598
15900	209131	0.5317553863432598
17476	22192	0.5317553863432598
17975	14938	0.5952702815819886
665113	259302	0.8164556782576167
11820	259302	0.5317553863432598
20849	217340	0.5317553863432598
665113	26422	0.7529407830188879
224997	26422	0.8427572850047658
14394	26422	0.5317553863432598
14011	20293	0.5317553863432598
12772	20293	0.41426078831584734
65246	56012	0.5317553863432598
67731	56012	0.5317553863432598
15900	12495	0.5317553863432598
15900	56193	0.5317553863432598
72512	209200	0.5317553863432598
15900	209200	0.5317553863432598
81879	242466	0.7529407830188879
665113	242466	0.5317553863432598
20849	76459	0.5317553863432598
20296	12768	0.3507458930771186
12768	20302	0.7920158649056475
23871	20343	0.5317553863432598
16362	20343	0.5317553863432598
12142	20343	0.5317553863432598
16598	20343	0.5317553863432598
16362	11609	0.4159054415340088
17909	18007	0.8419329113889236
244058	18007	0.3507458930771186
57810	18007	0.5317553863432598
52882	24012	0.7285009696669187
15900	16173	0.4159054415340088
16362	16173	0.4159054415340088
14281	16173	0.4159054415340088
665113	238988	0.7529407830188879
20430	238988	0.7529407830188879
58234	238988	0.8427572850047658
327814	238988	0.41426078831584734
224997	226525	0.8427572850047658
665113	30785	0.7529407830188879
58234	30785	0.8427572850047658
16011	16002	0.41426078831584734
329828	16002	0.7285009696669187
15900	26377	0.5317553863432598
93742	209630	0.3507458930771186
15364	68404	0.4436502110608205
68404	68404	0.3507458930771186
66180	18822	0.3507458930771186
16531	11745	0.7529407830188879
14812	77531	0.3507458930771186
58234	77531	0.8427572850047658
12361	77531	0.3507458930771186
16559	77531	0.3507458930771186
20963	56644	0.8917673688125785
17096	56644	0.4436502110608205
24088	56644	0.5952702815819886
17533	56644	0.5317553863432598
15900	218215	0.5317553863432598
56532	110095	0.41426078831584734
16456	18636	0.5317553863432598
14812	17880	0.5317553863432598
20652	17880	0.5317553863432598
17082	50721	0.4159054415340088
19275	19267	0.5317553863432598
234779	17289	0.5317553863432598
20288	17289	0.5317553863432598
15900	209773	0.5317553863432598
15364	100340	0.4436502110608205
170744	100340	0.3507458930771186
170743	100340	0.7285009696669187
142980	100340	0.5317553863432598
21898	100340	0.7285009696669187
20849	110168	0.5317553863432598
15900	110168	0.5952702815819886
15900	16541	0.5317553863432598
15900	15560	0.5317553863432598
224997	210933	0.8427572850047658
140580	210933	0.3507458930771186
227580	210933	0.3507458930771186
58234	72948	0.8427572850047658
67790	260315	0.5317553863432598
58869	13004	0.7529407830188879
20430	13004	0.7529407830188879
58234	13004	0.8427572850047658
65246	20462	0.5317553863432598
12266	12628	0.905120273531668
232975	237868	0.3507458930771186
26414	237868	0.7285009696669187
15900	80892	0.5317553863432598
15900	216725	0.5317553863432598
18479	80837	0.41426078831584734
210293	80837	0.41426078831584734
16438	17540	0.41426078831584734
19091	17540	0.41426078831584734
52882	50782	0.7285009696669187
15900	19271	0.5317553863432598
20849	229900	0.5317553863432598
17970	229900	0.5317553863432598
17969	229900	0.5317553863432598
16854	21923	0.3507458930771186
15900	14999	0.5317553863432598
15900	212032	0.5317553863432598
18189	83671	0.4436502110608205
80718	83671	0.41426078831584734
11891	83671	0.931139717306964
15900	67111	0.5317553863432598
67731	211914	0.5317553863432598
76308	211914	0.5317553863432598
14812	17912	0.5317553863432598
66725	17912	0.5952702815819886
67731	17118	0.5317553863432598
18761	17118	0.3507458930771186
69253	109731	0.5317553863432598
19275	19274	0.5317553863432598
12774	20303	0.5952702815819886
12768	20303	0.7920158649056475
67731	17885	0.5317553863432598
433766	17885	0.5317553863432598
13405	70598	0.5317553863432598
19876	117600	0.5952702815819886
109711	234353	0.8419329113889236
15364	20971	0.4436502110608205
15900	55936	0.5317553863432598
67451	216033	0.3507458930771186
15900	93691	0.5317553863432598
65246	17858	0.5317553863432598
15900	17858	0.5317553863432598
12571	12581	0.7316430699931737
140709	140703	0.41426078831584734
140703	140703	0.41426078831584734
16438	18798	0.7285009696669187
14394	14401	0.7529407830188879
19055	14401	0.5952702815819886
14799	433485	0.3507458930771186
14800	433485	0.3507458930771186
11810	245945	0.3507458930771186
17470	74603	0.3507458930771186
244667	545428	0.41426078831584734
12010	243864	0.3507458930771186
12361	67703	0.3507458930771186
109676	20266	0.3507458930771186
12558	20266	0.3507458930771186
107589	244071	0.3507458930771186
13800	14107	0.41426078831584734
16410	16420	0.41426078831584734
18212	18205	0.797148533141835
18213	18205	0.41426078831584734
11434	22788	0.41426078831584734
20779	54324	0.3507458930771186
93840	14365	0.7285009696669187
101772	101772	0.3507458930771186
665113	12290	0.7529407830188879
12298	12290	0.5317553863432598
170755	170755	0.7566248263913046
107589	78933	0.3507458930771186
20849	15216	0.5317553863432598
665113	114142	0.7529407830188879
108655	114142	0.3507458930771186
114142	114142	0.3507458930771186
105722	105722	0.3507458930771186
17904	67946	0.3507458930771186
20849	22035	0.5317553863432598
20423	19206	0.4412607184416053
22067	71233	0.3507458930771186
22063	71233	0.3507458930771186
15364	232431	0.4436502110608205
13649	232431	0.3507458930771186
238266	238266	0.41426078831584734
21676	73569	0.3507458930771186
14812	104001	0.5317553863432598
20430	104001	0.7529407830188879
22780	216848	0.7920158649056475
16367	20324	0.5317553863432598
19285	20324	0.41426078831584734
16000	16009	0.41426078831584734
16854	17136	0.3507458930771186
21960	17136	0.3507458930771186
14268	17136	0.5071651062995493
21923	17136	0.3507458930771186
17136	17136	0.3507458930771186
238266	329324	0.41426078831584734
63873	80708	0.41426078831584734
23969	80708	0.41426078831584734
80708	80708	0.41426078831584734
94212	223601	0.7529407830188879
14725	20363	0.3507458930771186
18213	76829	0.41426078831584734
327814	71709	0.3507458930771186
24012	217143	0.3507458930771186
67981	75828	0.3507458930771186
170756	170756	0.3507458930771186
73316	67466	0.3507458930771186
21803	78558	0.3507458930771186
12159	78558	0.3507458930771186
21808	78558	0.3507458930771186
11820	232370	0.5317553863432598
18189	232370	0.3507458930771186
19266	245450	0.3507458930771186
20963	74734	0.3507458930771186
67784	20349	0.8164556782576167
22413	22414	0.27727029435600586
18208	210801	0.3507458930771186
399558	210801	0.3507458930771186
94212	57778	0.7529407830188879
22379	57778	0.5317553863432598
22259	170826	0.5317553863432598
70673	170826	0.5955916407514616
69253	17721	0.5317553863432598
69253	17719	0.5317553863432598
17716	242602	0.5317553863432598
18746	242602	0.5317553863432598
16559	242602	0.5317553863432598
17708	242602	0.5317553863432598
20849	240023	0.5317553863432598
16772	94242	0.3507458930771186
20648	17929	0.5317553863432598
433766	17929	0.5317553863432598
76308	57740	0.5317553863432598
19645	233575	0.3507458930771186
69253	21924	0.5317553863432598
12288	21924	0.5317553863432598
18754	21924	0.5317553863432598
94212	76088	0.5317553863432598
380916	76088	0.41426078831584734
58869	383348	0.7529407830188879
15165	383348	0.7529407830188879
14167	24046	0.3507458930771186
69253	12491	0.5317553863432598
65246	106931	0.5317553863432598
20849	74732	0.5317553863432598
15364	74732	0.4436502110608205
665113	108000	0.5317553863432598
15364	72621	0.4436502110608205
16971	232345	0.41426078831584734
15364	50708	0.4436502110608205
58226	93688	0.5952702815819886
18013	192188	0.5317553863432598
15364	66790	0.4436502110608205
16531	12843	0.5317553863432598
17127	12843	0.3507458930771186
12842	12843	0.824148463267593
16497	56543	0.3507458930771186
70357	56543	0.4412607184416053
338370	12671	0.41426078831584734
16331	20163	0.5317553863432598
16202	20163	0.5952702815819886
20404	94190	0.3507458930771186
18516	208076	0.5317553863432598
80720	208076	0.5317553863432598
18514	208076	0.5952702815819886
15403	208076	0.5317553863432598
58234	24056	0.7529407830188879
14161	14133	0.5317553863432598
14828	12304	0.41426078831584734
18844	214968	0.6591065359901904
11820	11784	0.8066849668661721
12361	11784	0.5317553863432598
56846	11784	0.41426078831584734
20849	246177	0.5317553863432598
12977	246177	0.4436502110608205
12393	231633	0.3507458930771186
16531	94332	0.8427572850047658
58234	57908	0.7529407830188879
72433	329154	0.5317553863432598
67844	329154	0.5317553863432598
65246	329154	0.5317553863432598
94212	329154	0.5317553863432598
65254	22240	0.8164556782576167
20849	19057	0.5317553863432598
20191	319876	0.5317553863432598
20849	225884	0.5317553863432598
20849	12960	0.5317553863432598
20849	29809	0.5317553863432598
20849	16874	0.5317553863432598
20849	435626	0.5317553863432598
20849	75695	0.5317553863432598
20849	74052	0.5317553863432598
20849	110197	0.5317553863432598
20849	16174	0.5317553863432598
20849	99382	0.5317553863432598
20849	94092	0.5317553863432598
20849	231507	0.5317553863432598
20849	215418	0.5317553863432598
20849	110542	0.5317553863432598
20849	209378	0.5317553863432598
20849	207175	0.5317553863432598
20849	216991	0.5317553863432598
20849	16768	0.5317553863432598
20849	77590	0.5317553863432598
20849	98256	0.5317553863432598
20849	108150	0.5317553863432598
20849	242341	0.5317553863432598
12043	242341	0.5317553863432598
20849	383075	0.5317553863432598
20849	110454	0.5317553863432598
21812	110454	0.5317553863432598
20849	26938	0.5317553863432598
20849	12508	0.5317553863432598
15900	12508	0.5317553863432598
13591	12508	0.4159054415340088
20849	69863	0.5317553863432598
216859	70676	0.5952702815819886
14394	14402	0.5317553863432598
65246	54195	0.5317553863432598
21687	11600	0.8180293061826498
80297	100505386	0.3507458930771186
14804	12260	0.5317553863432598
18754	17992	0.5317553863432598
15364	229524	0.4436502110608205
16531	26949	0.8427572850047658
65246	20822	0.5952702815819886
20191	12262	0.5317553863432598
19894	104886	0.7285009696669187
72433	70719	0.5317553863432598
67844	70719	0.5317553863432598
94212	70719	0.5317553863432598
13800	22793	0.5071651062995493
15364	17345	0.4436502110608205
16531	433182	0.5317553863432598
15900	76630	0.5317553863432598
67790	14371	0.5317553863432598
241134	71302	0.8346507759609727
244281	71302	0.41426078831584734
16822	78473	0.5952702815819886
54519	78473	0.3507458930771186
23880	78473	0.7920158649056475
19261	78473	0.5317553863432598
65246	11433	0.5317553863432598
16531	17988	0.8427572850047658
69253	18115	0.5317553863432598
19055	333050	0.3507458930771186
14118	207596	0.3507458930771186
13844	15529	0.5317553863432598
237868	15529	0.7285009696669187
14812	18795	0.5317553863432598
58234	18795	0.8427572850047658
238161	18760	0.5317553863432598
16416	18760	0.5317553863432598
74055	18760	0.5317553863432598
14805	74513	0.3507458930771186
14806	74513	0.3507458930771186
54353	50778	0.5317553863432598
16790	13809	0.7461647675962038
16392	18992	0.3507458930771186
15364	83436	0.4436502110608205
16971	98496	0.41426078831584734
20648	380928	0.5317553863432598
13405	380928	0.5317553863432598
11438	17069	0.5317553863432598
16531	20450	0.5317553863432598
16531	13807	0.8427572850047658
16531	12349	0.8427572850047658
12842	12153	0.5952702815819886
12832	12814	0.3507458930771186
73230	12161	0.41426078831584734
11689	11690	0.8190157950314054
19645	67568	0.7920158649056475
665113	217692	0.7529407830188879
545156	217692	0.7529407830188879
13838	217692	0.3507458930771186
19268	13003	0.3507458930771186
12288	66447	0.5317553863432598
20563	19649	0.5317553863432598
52882	50779	0.7285009696669187
16531	20719	0.8427572850047658
14061	20719	0.41426078831584734
12826	12827	0.41426078831584734
18424	29813	0.5317553863432598
67790	328778	0.5317553863432598
116837	328778	0.7920158649056475
665113	320873	0.7529407830188879
545156	320873	0.7529407830188879
545156	338372	0.7529407830188879
20430	218194	0.7529407830188879
58234	94253	0.7529407830188879
58234	17242	0.7529407830188879
58234	16564	0.7529407830188879
665113	241656	0.7529407830188879
665113	18530	0.7529407830188879
665113	109135	0.7529407830188879
665113	211134	0.7529407830188879
14394	14400	0.5317553863432598
14394	14396	0.5317553863432598
14394	14397	0.5317553863432598
15900	19762	0.5317553863432598
14281	19762	0.4436502110608205
14281	30953	0.4436502110608205
407821	239405	0.573254583801435
21388	18027	0.5317553863432598
11899	56079	0.3507458930771186
67844	19092	0.5317553863432598
14804	94282	0.5317553863432598
18412	225288	0.41426078831584734
16531	15444	0.7285009696669187
94212	668218	0.5317553863432598
11820	233744	0.5952702815819886
11820	12876	0.5317553863432598
94212	66540	0.5317553863432598
14812	224014	0.5317553863432598
12977	11987	0.4436502110608205
15364	140781	0.4436502110608205
18754	140781	0.5952702815819886
16367	16764	0.5317553863432598
16367	23965	0.5317553863432598
65246	27226	0.5317553863432598
14804	27226	0.5317553863432598
15364	14673	0.4436502110608205
15364	70568	0.4436502110608205
15364	233765	0.4436502110608205
15364	13730	0.4436502110608205
15364	320429	0.4436502110608205
15364	14219	0.4436502110608205
15364	677884	0.4436502110608205
15364	381259	0.4436502110608205
15364	53620	0.4436502110608205
65246	242608	0.5317553863432598
65246	99031	0.5317553863432598
20648	74103	0.5317553863432598
20648	12834	0.5317553863432598
67790	442827	0.5317553863432598
67790	239250	0.5317553863432598
67790	319807	0.5317553863432598
67790	13599	0.5317553863432598
80718	68169	0.5317553863432598
11891	333605	0.5317553863432598
17084	17079	0.9554734532764784
16917	72277	0.5317553863432598
12398	14934	0.4159054415340088
16202	76954	0.5317553863432598
15900	16194	0.5317553863432598
109711	53318	0.3507458930771186
30794	53318	0.3507458930771186
54725	239857	0.3507458930771186
15900	19152	0.3507458930771186
240913	12810	0.3507458930771186
15900	65221	0.5317553863432598
16410	320910	0.41426078831584734
51801	54598	0.41426078831584734
94216	12830	0.3507458930771186
15900	213233	0.5317553863432598
15900	232414	0.5317553863432598
20344	12484	0.7336336379031062
15900	276950	0.5317553863432598
22061	54139	0.5952702815819886
15900	72054	0.5317553863432598
15900	268567	0.5317553863432598
26941	319655	0.4436502110608205
19266	245446	0.3507458930771186
245945	69865	0.3507458930771186
17096	210710	0.41426078831584734
12159	74048	0.3507458930771186
16502	268345	0.6591065359901904
22416	68588	0.3507458930771186
26564	68588	0.3507458930771186
22418	68588	0.3507458930771186
14365	68588	0.3507458930771186
20271	14168	0.41426078831584734
19206	56788	0.3507458930771186
97064	226075	0.8419329113889236
17475	329628	0.3507458930771186
17684	21419	0.41426078831584734
12361	170571	0.41426078831584734
109620	102371	0.3507458930771186
14026	71972	0.41426078831584734
